,parameter,mean,std,2.5q,25q,50q,75q,97.5q,mc err,round
0,a,5.773080930212495,0.3664025872301793,5.100651616209044,5.518020920724049,5.7614063152517625,6.014333764897797,6.521216921271639,0.00656506497032313,2
1,v,-0.05006068863698234,0.062249320330230576,-0.1727952194747768,-0.09128782398346103,-0.050007382893880736,-0.008875587922133443,0.07274338362368032,0.001170513328322055,2
2,t,0.6073367872299484,0.24852483971823386,0.18559948410791266,0.4207967516611417,0.5863426718502236,0.7730933411316481,1.1366731781848953,0.004433403310238575,2
3,z,0.5288434126971235,0.048795834891490024,0.43310748631030266,0.4959353554838379,0.5286234797500434,0.5611395741308617,0.6242273844793037,0.0009723535874463101,2
4,a,5.986270067620258,0.4300220447091338,5.201956243179702,5.677088904090986,5.975959008023913,6.268779761663887,6.875733737187353,0.007886131719068958,5
5,v,-0.1798442018546301,0.06798460584451238,-0.3163069850627866,-0.22365110655660003,-0.18027059850171795,-0.1339436851612652,-0.050094009490751046,0.0013406970946659648,5
6,t,0.6032325459695307,0.2793175393437195,0.17104232510925077,0.40357782417813526,0.5616377091041113,0.7651913943244121,1.241162046056021,0.004898921493501574,5
7,z,0.5254763181397613,0.05345346666655221,0.4217423844500432,0.4895554699154581,0.5253377322630374,0.560822429591534,0.6327004866084659,0.0010201622248445146,5
8,a,5.21921825609797,0.3662735983084606,4.55514052447142,4.972527140684831,5.199746259956012,5.45351048425749,5.987799832879179,0.005942787966840892,7
9,v,-0.21716436806448713,0.07766834536553359,-0.3681283274659683,-0.27152043243817503,-0.21594785593563087,-0.16525247787638747,-0.06496709131766487,0.0013971148406631366,7
10,t,0.4102730789042311,0.1626075174988078,0.13055486081939932,0.291578846630822,0.3991335253568531,0.5198390900585868,0.7522365548783848,0.002859989511031861,7
11,z,0.5029563819629744,0.053520988503552976,0.39603156377384197,0.46705089411024486,0.5027755406244904,0.5395378424841513,0.6096712740796211,0.0010629249658808215,7
12,a,5.725805684265126,0.4460071698643172,4.91913931525115,5.4043504371409785,5.713087804444953,6.0135445925031545,6.654011439371706,0.007855380481371677,9
13,v,-0.23021044820541367,0.07555901393597132,-0.38050775723758984,-0.281203836677447,-0.2317790544618219,-0.17946093717752695,-0.07941934193322647,0.0012632717936659009,9
14,t,0.5448376083163743,0.2577580077226961,0.16202102573069949,0.3494606582356126,0.510724445823204,0.6993334193935122,1.1466047053147121,0.0048407562268094825,9
15,z,0.4935754145973556,0.058543931833337316,0.38218147107425227,0.45341862360473095,0.493772404932498,0.5329365016040046,0.6106336219778391,0.0011549064114415532,9
16,a,5.5022506127074555,0.4610006046931754,4.661414780145445,5.17693041873032,5.4832459748185025,5.791945247477491,6.456491455172026,0.007646618379246193,10
17,v,-0.2396655070082419,0.0898050232525351,-0.41667906698525387,-0.3004938104939659,-0.23986684366710453,-0.17772134891011132,-0.06439012367653019,0.001714205960979953,10
18,t,0.40690255238316464,0.17340704497956477,0.1209179021672339,0.276045940097492,0.3894693389178606,0.5208900371591009,0.7789297293485173,0.002783541620219176,10
19,z,0.583694625671646,0.0596420041131359,0.46136786895551807,0.5450217698258514,0.5862136134882605,0.6251857667999258,0.6943789271534203,0.0012239185173078446,10
20,a,5.589983478172476,0.4296768853698996,4.8006390999578965,5.287658583725498,5.573925982183307,5.8714979666061895,6.513217916772733,0.006338988346010202,11
21,v,-0.19889197753413512,0.08082578114796167,-0.3565427452482884,-0.2536193369833204,-0.1999513453653492,-0.14552102011565426,-0.03830760525723387,0.001574763133733698,11
22,t,0.5256001442711686,0.24125517105142388,0.15240409145827438,0.34612383047652684,0.49036360055872785,0.6711984598196756,1.0795618347941103,0.004094716764572326,11
23,z,0.5229673462226426,0.059712221055048496,0.40577661381393026,0.48282005660473043,0.5230641239329308,0.5639926698259806,0.6392807859726717,0.001070447760806229,11
24,a,4.820018699485583,0.39730098299883854,4.091040608618118,4.536324185748124,4.809603585264091,5.078820500991453,5.650122140027817,0.006894231474776679,17
25,v,-0.2082047426723458,0.09543951929514495,-0.39672937049160906,-0.27308674995841775,-0.20901956147529813,-0.14308140271816705,-0.022837958773699873,0.0018422711971829548,17
26,t,0.653957501073235,0.2778797328506124,0.20154705148674604,0.442283461541175,0.6276077846510717,0.8382502351432731,1.2593115538229358,0.005013785850086742,17
27,z,0.5164829672648703,0.06079408401999041,0.4006887555665616,0.4747521897620421,0.5151201372040881,0.5579228600783551,0.6351397576640365,0.0012054724690481362,17
28,a,4.515533531248514,0.4242496974170281,3.7573270738168087,4.218472321700972,4.498223656415371,4.786259833089332,5.422903914577245,0.007788738384905533,19
29,v,0.03040531383215145,0.1135821530162811,-0.19397337247687352,-0.047907738532236344,0.030698323574874536,0.10626565238972147,0.2548085612436226,0.0021425641410821377,19
30,t,0.6548426295058236,0.29448000705544947,0.18590985107143637,0.4354580524670351,0.6209137404292122,0.8335354677546285,1.315806058539283,0.005037042278858718,19
31,z,0.4681360576521012,0.06676894959909842,0.34141095790848996,0.4229594744397512,0.46666159376495236,0.5140846747595331,0.6029308680790664,0.001368948226616228,19
32,a,4.287757446228924,0.43882911544528025,3.4947422792010996,3.97744569697803,4.267521979294521,4.575657405594066,5.221002069346703,0.007174321546393336,31
33,v,-0.1892140579896414,0.1377559696590429,-0.45995531897572595,-0.28262770844583784,-0.18900072633317044,-0.09728801878824034,0.07932670466505276,0.002371920793422411,31
34,t,0.5869078142881449,0.2693046319608156,0.16109582883694545,0.3817459089377037,0.5531249837453884,0.7536376268887092,1.1946690851985649,0.004716763196106184,31
35,z,0.5462609787261096,0.07315737327017752,0.39895312534260297,0.49660091414749413,0.5473933087352939,0.5972987100608257,0.6826842916871754,0.00133203744014063,31
36,a,4.784400446834773,0.48449439402648287,3.915765737296052,4.4409764548603015,4.755850777584383,5.086328565960882,5.809159899359102,0.008514802418328008,46
37,v,-0.2848116116250491,0.12052312218556735,-0.525851781495215,-0.3653535037840272,-0.2830944585347105,-0.20137922129564734,-0.05576510413991942,0.002356253680123891,46
38,t,0.4531016627646859,0.19885902877644568,0.13236875615204924,0.3041956155897739,0.43188411231661705,0.5818789870264595,0.8831928178895234,0.003708191324982129,46
39,z,0.4957537989442949,0.07161027274363191,0.35486555988108326,0.4466309383221065,0.4949130590626089,0.5450386604319022,0.6357954052612201,0.0014460124518869684,46
40,a,6.179599955001219,0.3683168775779972,5.48164256528299,5.9281992314736005,6.161700382267644,6.420320715829896,6.958516120893965,0.006734237003696418,4
41,v,-0.13424446380970598,0.056574759385238454,-0.24437346076019661,-0.17326916563968214,-0.1354189059809392,-0.09656740479003573,-0.02070000116475057,0.0011763918838918468,4
42,t,0.5780872172486462,0.2515994179685272,0.1754815069489032,0.38737672046905103,0.5501994461983148,0.7418377152870186,1.1255447581610738,0.004654128020136068,4
43,z,0.5321724371874872,0.04751226629832288,0.4383070475833459,0.500431646100238,0.5327677869287748,0.5646107742800773,0.6259832446670685,0.0009764151993998136,4
44,a,4.9088666126971665,0.40767444760315563,4.157611777511908,4.627688889631974,4.891025817074581,5.166790994651638,5.775119285061219,0.00626000858572486,16
45,v,-0.15097982918627165,0.09619675648427256,-0.3386165803500328,-0.2147680430265416,-0.15106270489241438,-0.0864996290747273,0.04209670407688865,0.0017245296435190536,16
46,t,0.5021916849066708,0.2165044103614654,0.14885378888465292,0.3395865560526571,0.4766275721616531,0.6397277043742544,0.9848749516223847,0.0028743812951179653,16
47,z,0.5012819319032792,0.06416012195093564,0.3778474475440925,0.45764884886097706,0.5005176705260713,0.5445972518349705,0.631407483712004,0.0011854713460765034,16
48,a,5.7830070773031075,0.46158821348893125,4.917395978680768,5.467124760687674,5.761234855293388,6.088757598713245,6.724856107790055,0.00722997607534318,20
49,v,-0.17400377496301675,0.08092377123874782,-0.3279904914055195,-0.2305748482677431,-0.17473868723316427,-0.11806173857348734,-0.017868939985961285,0.0015716622897734953,20
50,t,0.5014359895597557,0.23019065255237753,0.1498376090386628,0.33103144889410874,0.46773386319444105,0.6450931814010467,1.0345494036099923,0.0040198376172736645,20
51,z,0.5410205844161362,0.06064941251304376,0.42016028355842344,0.5000028546251879,0.5414054347920881,0.5824520648212999,0.6579775983706613,0.0010737838329543435,20
52,a,4.834408238351983,0.4044009186371248,4.109959016559415,4.5441825833312635,4.810503285046582,5.108735623272427,5.658606186885112,0.007565712116878497,13
53,v,-0.1750422173374544,0.09105320489312124,-0.35082572247699706,-0.23631215133842792,-0.17472677952754972,-0.11373594205574906,0.0035399825749720115,0.001995228444500313,13
54,t,0.8448163300466569,0.3564803103183715,0.2460603237829903,0.5688585114221708,0.8190534553277304,1.0874391056063666,1.5767301555089124,0.006770633804359706,13
55,z,0.5636331174576626,0.05607434326007182,0.4534065970980643,0.5256475886253277,0.5643777198574047,0.6022916918723845,0.6692219860066819,0.0012433170785424942,13
56,a,4.282525583331652,0.452616294290157,3.485015444222376,3.9590432438693335,4.26400926632059,4.566413313105274,5.236467539518877,0.008750624733515388,14
57,v,-0.5509913025152916,0.1516599038858743,-0.8463069450011861,-0.6502495975841884,-0.5514295949359551,-0.4494913834925345,-0.2578422425281063,0.003041926151911034,14
58,t,0.3908777890776297,0.15089764442074866,0.12449924246282783,0.2800525393289781,0.38187715519338583,0.4906553193572264,0.706501147628238,0.002805457760072042,14
59,z,0.6003514556518542,0.06407641648458903,0.4682035298772352,0.5581334569589123,0.6016298791085063,0.6469589457516128,0.7197961679060062,0.0012771638480307906,14
60,a,5.231374944874791,0.4488533211626048,4.430909680187629,4.920425286175617,5.2121308668543955,5.509968300011408,6.157183804198627,0.008019349749038679,24
61,v,-0.29190183970969424,0.0933284303762592,-0.47477764239142295,-0.3553192594242582,-0.2913402271039612,-0.22779982761650353,-0.11543110218878117,0.0019275050992475138,24
62,t,0.5202212942587283,0.2261565943963459,0.15543725379974171,0.3486155264250569,0.49622030757078384,0.6669462681403331,1.0181618893028848,0.003957911277420225,24
63,z,0.48388018245895836,0.061818734421672496,0.36456696552889745,0.44169873595722065,0.48335448690924215,0.5255555530333869,0.6036721877719853,0.0012324854908985039,24
64,a,5.117864038902932,0.481636384098741,4.265203806547795,4.776357799062114,5.091167335179647,5.426684596037731,6.13561764271388,0.009466076699400926,30
65,v,-0.2463905821804542,0.10914919928259655,-0.46785208545193524,-0.31715234403193215,-0.2448159335784198,-0.1752660354194926,-0.03344556778677188,0.002471327601129508,30
66,t,0.49898000983608026,0.21056406217973928,0.1565591819419467,0.3376161704927401,0.4768659645246779,0.6387329802887567,0.9602332112625187,0.0034690495374163563,30
67,z,0.605893339909593,0.06574455723876038,0.47062002346414955,0.5628983197646905,0.608362412928922,0.650850810173398,0.7277723177496046,0.0012610233472324748,30
68,a,5.336831038819299,0.46007020178782426,4.500770443693513,5.015638710328301,5.31473606829877,5.625926363395601,6.309067661344601,0.007944478145075356,45
69,v,-0.26020765053354417,0.09658413517976203,-0.44809104926802135,-0.32616906704619,-0.259011694942884,-0.19350539528905275,-0.07603230181261411,0.0018918827596772936,45
70,t,0.4751257707605703,0.21317715394476036,0.1402905957706187,0.31462521815158834,0.44808789369070345,0.6082840797035511,0.969418618659428,0.004022808467401172,45
71,z,0.52347519169982,0.06347885800578694,0.3946636564557319,0.4808635785123676,0.5238554347070999,0.5665800626261416,0.645391529024617,0.0011312146803277843,45
72,a,4.4347968315844035,0.4222697625936862,3.6768686202615717,4.138289456174035,4.408161636955025,4.707902270356479,5.335771828166759,0.007499622913987809,6
73,v,-0.13308700572942314,0.11753889773978565,-0.3682227544723775,-0.21175266855393904,-0.13282376632246357,-0.053991243427824465,0.09491387992398614,0.0022964421225531583,6
74,t,0.7246461524176707,0.31533412550591483,0.2119594156589694,0.4860050796097317,0.6924810936749163,0.9379370499052788,1.4187114904803009,0.005938025485935779,6
75,z,0.5080466568890708,0.06715087238710243,0.37557281434081846,0.461828015409415,0.5088197283104594,0.5547334260006556,0.6353520157143173,0.001279894517235453,6
76,a,5.144698141482095,0.47929702345931413,4.302519669105831,4.801524472762273,5.120769115686513,5.452008699992123,6.15870168387357,0.007686792867463127,21
77,v,-0.2281488883785652,0.10363059751576613,-0.43569466424052716,-0.2989674761794147,-0.2253546383312266,-0.1565886012700235,-0.02839132296181257,0.0018550225031144598,21
78,t,0.4006090930463339,0.1783313163544756,0.12052324380457036,0.2693536068195288,0.37973381975455917,0.5111640335512577,0.8157524553259864,0.003107986324186506,21
79,z,0.4984762563256722,0.06715414007678597,0.372733374258062,0.4528579316793891,0.49700944419437715,0.5436861322603777,0.6291702739585749,0.0012015221018289277,21
80,a,5.413090131723367,0.6255387847598917,4.331686527531458,4.965999338000028,5.365053445880687,5.805955986496642,6.73344027646566,0.012454891276866439,25
81,v,-0.45214413851064167,0.12389231438135051,-0.6997762358164529,-0.5337663906857921,-0.45052867167729405,-0.3683764896834141,-0.2156462063202922,0.0026763726352437385,25
82,t,0.5143005297773355,0.23466065659727592,0.15139331873353892,0.33957249654631705,0.4808899393908117,0.6528306991708986,1.053477668414186,0.004305547395949511,25
83,z,0.5356808812328852,0.07331719591412675,0.395260741838681,0.48595137568731056,0.5337282937342444,0.585703838146461,0.6806183199514787,0.00146237577084615,25
84,a,4.257798315325615,0.603577066829421,3.2703961302892397,3.8193621921374987,4.191399377033479,4.619859420203344,5.6225503112641615,0.01032362507245669,27
85,v,-0.22808882164541888,0.18832876225109343,-0.6030947222883674,-0.35360555338644784,-0.22629878693947003,-0.09808294454606714,0.13416052726706873,0.0028103980945852806,27
86,t,0.43790638656336917,0.20166421409432983,0.11979668025582761,0.2882763179084319,0.41117568381239666,0.5603812059552309,0.8893202410232479,0.0030445407168882828,27
87,z,0.47382461990788066,0.09168070670502493,0.2998202712577855,0.4107794694221546,0.47336037713233203,0.5353023976409881,0.658388071877696,0.0015270646683914941,27
88,a,5.832422034968062,0.42183237635457804,5.064248160166498,5.54023445620947,5.817463728887759,6.110237542025184,6.719789186897181,0.006359660037363562,3
89,v,-0.025198579249639023,0.06852834550699263,-0.15763843545394782,-0.07190728296359547,-0.026205438210717136,0.021223010991386515,0.11140199171259829,0.0012701357412397642,3
90,t,0.6495109232316945,0.3070083977223236,0.1803617795050988,0.42042215029928204,0.6021499885895587,0.8361341669863309,1.3693823093011672,0.0056887421364295795,3
91,z,0.4912957287334378,0.05576261820915982,0.3837406038807715,0.4527505162466405,0.4911962304735647,0.5303750055290297,0.6005374408585344,0.0010599685447294344,3
92,a,5.461437524371985,0.5544427651402086,4.467655584266349,5.067100071317257,5.423888986849116,5.822876275911343,6.643988585190057,0.008630609893044462,8
93,v,-0.27315878391242565,0.10850657059806552,-0.48663281523106205,-0.3481734908869609,-0.27128807130303034,-0.19937886722434034,-0.059463953145344695,0.0022116258274258636,8
94,t,0.5140473352263432,0.25035102242155177,0.13878221527795453,0.3284405225345635,0.47363858333208664,0.6573812963922557,1.0833889415227316,0.00430421021625782,8
95,z,0.5776284862282988,0.07021134377203632,0.4381900201644596,0.5293313143681101,0.5785750175428055,0.6262484859890517,0.7118157991330547,0.0014298686157057437,8
96,a,5.48665348215762,0.46799585618608674,4.629474418458512,5.164776177245337,5.458777794912766,5.788987749655854,6.483888851738758,0.007764792120021871,18
97,v,-0.16220310819831701,0.08885014767749373,-0.33514993593370135,-0.22226532705371482,-0.16338038570848146,-0.10209018772819994,0.013813797007159345,0.001729189797095239,18
98,t,0.5197372596447974,0.23628318152852765,0.15348716611755234,0.3438220136695677,0.48728867275805005,0.6611644471602891,1.0701520242852358,0.0038572541415783437,18
99,z,0.4692072771077297,0.06411561079727303,0.35006548472640625,0.4235348665154266,0.46707221650846237,0.5122984390347997,0.5967905509810855,0.0012593457556072853,18
100,a,4.757893565932805,0.46748757565249105,3.911076853262342,4.429581501246875,4.728573356800851,5.0606707689147274,5.7071654462020796,0.007291283791357611,22
101,v,-0.18966112552909029,0.11674400713323652,-0.4158503053939967,-0.26696861427507584,-0.1887745891744611,-0.11372075925508485,0.0470646965033894,0.0021605709403506477,22
102,t,0.5645968104092435,0.26730870503569176,0.1613625623016035,0.36576926182473235,0.5256292515032503,0.7256833684146804,1.179271646297588,0.005008912326536547,22
103,z,0.5283765685816861,0.06951187830951079,0.3947750215722634,0.48062475033676594,0.5291997000470833,0.5749267499477498,0.6661035190254417,0.001243796123002169,22
104,a,4.940782598649668,0.4135912203812404,4.181108367061232,4.649263365483277,4.923314588833424,5.21142723086565,5.814885683096961,0.006656413849501071,23
105,v,-0.15092396588405302,0.09709398535800451,-0.336485926126423,-0.21776407131448006,-0.14931046401585446,-0.08543816777980973,0.04141741998051651,0.0018284271270553143,23
106,t,0.4360149289754074,0.18448906480749916,0.13373519281106316,0.2980914852941723,0.4170771844309449,0.5588749811797888,0.8364464364412589,0.003370284993107083,23
107,z,0.4693172434248089,0.06286279776088301,0.34927910791444683,0.4259693803713403,0.4682058953596087,0.5124520396865475,0.5924514691199041,0.0012273633960195522,23
108,a,5.217842351276894,0.5602212646263006,4.214146693373898,4.832246291621331,5.179207385078828,5.573630936773859,6.413699517466982,0.009915754043729786,36
109,v,-0.23832870556143765,0.11517109147318323,-0.4625207092317686,-0.3142895989058456,-0.23764802569889865,-0.16170686673182644,-0.015615722116355257,0.0020840562189153936,36
110,t,0.43278916319598315,0.1991218009872565,0.1296875545233013,0.28623184570797755,0.40689282508007335,0.5485677460645856,0.9016532529625052,0.0032839523907592463,36
111,z,0.48839977109259936,0.07441367474644756,0.3443913996484064,0.4382408724388304,0.4884222495219662,0.5360373052832158,0.6363914067850395,0.0013222850990859,36
112,a,4.741422101354361,0.5788933849511706,3.732595371628735,4.330789565347576,4.69813638101182,5.104552139822994,5.973938014812564,0.009618848832208078,44
113,v,0.001971742291514463,0.14599607082870533,-0.2810824252388324,-0.09517590150099078,0.001622268317432951,0.09647502958936305,0.29274051781892685,0.0024419070543131266,44
114,t,0.4858112065827377,0.24134609586868574,0.13214544260810676,0.3084113836490503,0.4451140807305437,0.6274244971995537,1.0550852461370197,0.004220929799492248,44
115,z,0.5029190337171984,0.08785983731474474,0.3303921502960156,0.44415047859519896,0.5027514699550669,0.5642304461041568,0.6727067111837346,0.0014954298624690317,44
116,a,5.043422275565971,0.777036519086063,3.7654777466089846,4.500307642927844,4.95503784461818,5.489586088483707,6.833794463641037,0.01346014877168312,47
117,v,-0.6416867040317874,0.18355246909414275,-1.0197782536619442,-0.7648940131462816,-0.6384151333101769,-0.5159258762358174,-0.28763868088932454,0.0035625403130339984,47
118,t,0.5330263511147812,0.2517049189789586,0.15135785501173468,0.3477479872500933,0.49497710785911153,0.6819814243996638,1.1327767910062423,0.004364315313048428,47
119,z,0.5659235762461765,0.08168320825259792,0.40104358131802964,0.5111340059268589,0.5674333884045252,0.6221744531249257,0.7208511096389846,0.001694792280838608,47
120,a,4.404845697352649,0.5936087129481395,3.358253285838676,3.9916090073673267,4.360791831549735,4.765783924916548,5.707222098917489,0.009640403566706968,28
121,v,-0.181258425628014,0.1741591054798001,-0.5160170556122211,-0.29793678412627567,-0.18537671189641558,-0.06297152253377147,0.16951352939721698,0.0029749492982825395,28
122,t,0.49243128993330704,0.24872283607063708,0.13371041534830821,0.30994827571933253,0.45073286018597236,0.6283220202443455,1.0828973577653527,0.004105588062570924,28
123,z,0.5289718485980939,0.08981110819369742,0.35700582635802053,0.46698999807759267,0.5308997577654501,0.5916609742286573,0.6980446588336253,0.001436157966055727,28
124,a,4.509032252421083,0.44899465119173293,3.7000471086242244,4.193002515962414,4.484721723980157,4.805080878173734,5.454500247679821,0.0075079467577717955,33
125,v,-0.24566923312847913,0.12593042699002052,-0.49250665040388486,-0.3297666431353464,-0.24466096101649748,-0.1610228097931563,0.003061185318675941,0.0022963131766201446,33
126,t,0.5333242023855439,0.24013765018346261,0.1540981597635818,0.34921693662215886,0.5089741155276637,0.6862857628878007,1.0725083242891766,0.004041467729281917,33
127,z,0.5139058219251249,0.07112542870107118,0.37354550641539086,0.4643830755914322,0.5143580736274017,0.5635450427243562,0.6491379974932597,0.0013703006031169427,33
128,a,5.483146231400576,0.5874790152463747,4.459124706689101,5.0654851456803724,5.432312662398427,5.847843259649424,6.769064356928412,0.009683492290313166,40
129,v,-0.2740378682308492,0.11165051925458853,-0.49143893695699115,-0.34983251278989314,-0.27437572032717705,-0.198198523744954,-0.05195617772451633,0.0023124840406028436,40
130,t,0.5445698958618151,0.2696084128555546,0.14389465949272806,0.34080882030554,0.4989673640299453,0.7052440982668867,1.1881997941263545,0.004429105291259532,40
131,z,0.5450301847024964,0.07376792066678824,0.3988139548189122,0.4953627449155528,0.5443004811167363,0.595848682769251,0.6895143168122335,0.0013118436561706174,40
132,a,4.811770779362144,0.452243179372753,4.016793339655385,4.487637508560601,4.784050517078882,5.103113524084556,5.742989626102801,0.00826289976935763,41
133,v,-0.2853334022695616,0.1141842386803087,-0.5130542363112698,-0.35888330417661435,-0.2839762920071689,-0.21103644732942783,-0.06029498040993653,0.0022590623647533907,41
134,t,0.44399939372334396,0.19475208657969323,0.13530949565980308,0.29856145841865345,0.42051990037340437,0.5640866805652787,0.8808357521799195,0.003537474896508513,41
135,z,0.5164078719014337,0.06596125435658685,0.3890151962095516,0.47149188916186235,0.5165700473253901,0.56107190311811,0.6447518226325121,0.0012972836594270357,41
136,a,4.810201320347112,0.44181234132477376,4.033592102508563,4.489120116565828,4.791229103040944,5.097548328078871,5.744171427442823,0.00696363269165778,12
137,v,-0.15926877000659323,0.11102617254344667,-0.3827479526161495,-0.23453179442485106,-0.15899825819875046,-0.08577550224220636,0.05564790196359576,0.0018960530341494881,12
138,t,0.4124038499588823,0.17432559121395405,0.12945129963542962,0.2803965623422808,0.3951924907583807,0.5268572288391805,0.7960019570285256,0.0026033991456427285,12
139,z,0.5392526703058861,0.06851632135696437,0.4038580794865395,0.4926728721372224,0.5389461930593704,0.586432806000383,0.6739362380877826,0.001120068138277272,12
140,a,4.5238046612313925,0.5023149513830683,3.6460101934966973,4.169486674004399,4.492144164912226,4.831420974962854,5.634971924900774,0.00914270629198263,15
141,v,-0.23570819337969756,0.14389861258841116,-0.5222586152664228,-0.33258250605940837,-0.23179214331315934,-0.13614921268501845,0.041657451053304206,0.003287177703817489,15
142,t,0.6524205491732447,0.31652100775634706,0.18237852189973824,0.4159477182027911,0.5976752188324309,0.8418952376731851,1.3870246379337055,0.005592999835367705,15
143,z,0.5894087682689959,0.07529865265981324,0.4367078742344725,0.5391133275814548,0.5923612164632084,0.6418904353288024,0.7311026070568011,0.0016728532949698539,15
144,a,4.979198131008189,0.5584404640775193,3.976423659873208,4.597857867303144,4.932135915632933,5.338224239750819,6.168068773844823,0.00930491085743668,42
145,v,-0.32136222816408283,0.13823556494867795,-0.5934863936898267,-0.41383993482765424,-0.32079674134783026,-0.2265267082325484,-0.052712010569241796,0.0027650954610031584,42
146,t,0.5359416889746784,0.26721078311365054,0.1549360423945409,0.3450083843881393,0.48580785128075155,0.6854186841789699,1.1661211290490394,0.00502806233195417,42
147,z,0.5419260899748591,0.07861403615561892,0.38588556017365166,0.4883424740144859,0.5434855957332263,0.5949656380557803,0.6937388474652594,0.0015309311041333219,42
148,a,4.594126962429672,0.4923804801458926,3.733498388158852,4.243885708727648,4.553998176275014,4.898662306751927,5.640684543896077,0.007963750568095718,38
149,v,-0.28269549037918484,0.1310951602483214,-0.5475561645909424,-0.37013268074101646,-0.2808511370033242,-0.19390373387459525,-0.032253977200991435,0.002433457650307532,38
150,t,0.5496918647941418,0.25455084666387773,0.15661508077031489,0.3558809137207304,0.5165745357453224,0.7115187714965099,1.1138011271481365,0.00490920965611294,38
151,z,0.5062631982985676,0.07376646614305463,0.3671283546000796,0.4555438666656736,0.5057630765103658,0.5559882342707532,0.656210282861535,0.0013857835718291069,38
152,a,4.9162689507969315,0.4488988693335907,4.103574282373365,4.595748794739799,4.902629939998294,5.206285202271969,5.83503542855535,0.008447579876279237,35
153,v,-0.1959712369702241,0.10900670627169527,-0.4102638643597284,-0.2688198022787719,-0.1971195104765594,-0.12165899429609006,0.01862002704717769,0.0020979444696414677,35
154,t,0.47170208517029133,0.20975618141963742,0.13496898144947161,0.3116684539276205,0.4501301506146761,0.6080637116478101,0.9246364053574679,0.0035878469943721354,35
155,z,0.5112903953220274,0.06872486635984495,0.3787345502548809,0.4633625171809835,0.5119913352293644,0.5576754301258713,0.6487185473239693,0.0014590142987763602,35
156,a,4.490295748990994,0.5102574015804476,3.584331102115676,4.135044324424774,4.450249557176815,4.825000331813058,5.594377099735851,0.008819668903675668,39
157,v,-0.08385769769327585,0.14033224699981767,-0.36488632882972866,-0.17938408746399548,-0.08559694261314588,0.012358359921860629,0.18744974019426253,0.0024153298457037045,39
158,t,0.5611664424530215,0.2807123970108139,0.15256766037699507,0.3518194871317628,0.5161071619420454,0.7163961146853213,1.2381818130065392,0.004370284320871496,39
159,z,0.5216456828140004,0.08146352784192924,0.3636485131707679,0.4662977019916906,0.5212205418521385,0.5776854196105802,0.6797398810431885,0.0014580987587522478,39
160,a,4.749313772174602,0.6530714964611308,3.628638398947673,4.293741112616071,4.687232586645884,5.159253514960916,6.173762138531547,0.009968015145584493,37
161,v,-0.2241122006638729,0.16678364397667,-0.5580616973472399,-0.3338458575004536,-0.22455862497373702,-0.11332308816674375,0.1012095321153087,0.002808165240759484,37
162,t,0.45400144528973885,0.21988776925953696,0.1319727661137103,0.29050514728728627,0.4168159762410419,0.5810144386821674,0.9794343614437148,0.004460898478157968,37
163,z,0.5111836415147256,0.09107475191521867,0.33588687204740403,0.4481501670911622,0.5124498897197058,0.574747861689944,0.6884370484336017,0.0013903898628687226,37
164,a,5.147373929233806,0.470117035056754,4.292649897286295,4.813759174952078,5.130157016505466,5.451046753807239,6.1205798895475265,0.007703938265998994,32
165,v,-0.27333124524437075,0.10540918180236758,-0.4815293788860477,-0.3440104115330306,-0.2743214867357584,-0.20084714956541083,-0.06909972575708723,0.001943877527863015,32
166,t,0.46680062276923856,0.20643836460805012,0.1430889102230435,0.31708124398855736,0.44074510934317584,0.5921366244098955,0.9399635250730145,0.0035540344414836953,32
167,z,0.526882169063342,0.0676678217291898,0.3952138145151165,0.4798215660064375,0.5273709839439226,0.5736463979272924,0.6597345248332912,0.0013589274501876621,32
168,a,5.321513682268859,0.6407912308034375,4.223770030013527,4.869282030485297,5.266493995147595,5.718693803669,6.71716444631371,0.010446648761860446,29
169,v,-0.30164343707566055,0.1266514745083263,-0.5538632518946516,-0.3877179457722957,-0.3012300415426207,-0.21723358009934945,-0.05493054825838123,0.002445837079773308,29
170,t,0.5071002819886864,0.2486989222092262,0.13750068311135014,0.3234620994939582,0.47180100705513794,0.6471715934202665,1.091289380514142,0.004083407978724993,29
171,z,0.4732012826103546,0.08003164632439289,0.32339636184210996,0.417919137236266,0.47096823038551083,0.52707430854061,0.6343662010883676,0.0016751176129596705,29
172,a,4.87749531112171,0.6258458026526844,3.8174212923272064,4.430115592667425,4.816971126595394,5.27208486414291,6.237194767671673,0.011100339116468547,43
173,v,-0.3654357688783496,0.14558658270863203,-0.6594465391513313,-0.4612883772203431,-0.36311797307230914,-0.26620692108279836,-0.08353919565620849,0.00287956625720692,43
174,t,0.5190723838885466,0.2540107352897932,0.13487136438511307,0.3309736932827785,0.48088643633106937,0.6717960148503416,1.1065078120255563,0.005023884330854126,43
175,z,0.5000026984094174,0.08315831877934178,0.3412266157061543,0.442985390829071,0.498159280978728,0.558045863133662,0.6664089791663941,0.001730135154723332,43
176,a,4.692750771618803,0.5915560626491212,3.668400742309274,4.291285378774448,4.649621696379693,5.049355784001305,5.996123517478633,0.009178271539415892,26
177,v,-0.3433348147088707,0.15516729902335327,-0.649100435224371,-0.44629219553610255,-0.3457773375249984,-0.24055026914060904,-0.035511033617394716,0.0029659266666961937,26
178,t,0.5660369594310255,0.27904785439845614,0.15502996703300342,0.3638612028271378,0.5178626239661697,0.7203976806745562,1.236611970188723,0.005012547862248891,26
179,z,0.5445919253189231,0.08406968100755116,0.37886274238394124,0.48698541879074647,0.547452051020062,0.6029371687680446,0.7048279724412045,0.001442701918130448,26
180,a,4.67102143126184,0.6922730631954226,3.5322508345961277,4.189139271519514,4.603672214147673,5.084981784232884,6.229514678019575,0.013648687225887943,34
181,v,-0.4810274372892433,0.1801936899605222,-0.8383025423785684,-0.6022045822729463,-0.47826880409673556,-0.35754092741261134,-0.13596724894040202,0.0030951621332753806,34
182,t,0.4744017516044889,0.22823504135001846,0.12781509465701185,0.30407581150094437,0.4404051589034101,0.6042722296176393,1.0253230278448422,0.004191474535805348,34
183,z,0.5018845404074664,0.08758278735527811,0.3361697642112987,0.4405280049290852,0.5008796963709574,0.5620485381253951,0.6762291982736955,0.0014983474887040292,34
184,a,6.245439693101548,0.38228937048425615,5.53004863119912,5.988190218338317,6.226185341932794,6.497736778704231,7.037706857776117,0.006831363239399671,3
185,v,-0.16381749658737588,0.056344431688395126,-0.27435557351330475,-0.20092955981831412,-0.16461517405020185,-0.12638520529485703,-0.05162974608235227,0.0010483865746461108,3
186,t,0.7129862937074077,0.30791560338944934,0.20920816517172752,0.48653057344708805,0.6822798785537828,0.910875618795318,1.3930152690262814,0.005848865556376559,3
187,z,0.5387953000370929,0.04710396739846337,0.4463980698213254,0.5069023559346847,0.5390210912804594,0.5703793207428471,0.632083384386036,0.0008944760126335025,3
188,a,5.680719435699369,0.3331783938966579,5.044969685937619,5.4478231367768695,5.670474940859986,5.89850956704461,6.368704253903927,0.00521443009185747,8
189,v,-0.12637147165446214,0.061665135094917556,-0.24753001624598814,-0.16814808630430203,-0.12507393966823885,-0.08364376800206122,-0.009358974873185932,0.0014049132026405173,8
190,t,0.47009068723792363,0.18165914176949827,0.15527021642989067,0.3369692396260325,0.45741207550883284,0.591660172835055,0.850429183253454,0.0028631021548925456,8
191,z,0.5638918907600011,0.04680800345770702,0.46989207437238684,0.5325722268961789,0.5655192261989591,0.5950065188824456,0.6520556448870659,0.0010307435288276086,8
192,a,4.975461448909723,0.3472152252124246,4.327065018729063,4.739117338800906,4.956777971359909,5.207793782499944,5.6942290245606655,0.006594527045957171,14
193,v,-0.1704691571413647,0.07593580748698485,-0.3215915272974903,-0.22052478920629903,-0.16987882321682551,-0.11906048282863035,-0.021526959982589244,0.0015126418207811775,14
194,t,0.5110622547795963,0.19909080254975983,0.17107003051008662,0.36500539091711953,0.4979167522589772,0.6429247947777711,0.9390465885245783,0.004337156051252262,14
195,z,0.44962660203657,0.05140023218340447,0.3482638329657783,0.4152721894216718,0.4487058844938215,0.4829332212576223,0.5537549965498242,0.0011559594078756582,14
196,a,5.240238466548679,0.3793213579738071,4.544635835137238,4.972666733881952,5.221817751389651,5.4902031261851,6.018934656713359,0.005516268014298489,15
197,v,-0.13260141168953793,0.07413345526498749,-0.27842495541403195,-0.18191343976715896,-0.13288686240593464,-0.0828140616422787,0.01479679680375337,0.0015098814215333824,15
198,t,0.6431834584669517,0.2732292365769721,0.20290270227067103,0.44247295502908274,0.6141380941232436,0.8199359446994768,1.2496581052842437,0.005159213249055179,15
199,z,0.46629846714915574,0.05193579217558606,0.3667292322175816,0.4300187048595877,0.466361305301994,0.5019913956000146,0.5679736456226658,0.0010341316877455148,15
200,a,5.161376579055169,0.32389274992476746,4.577722431714049,4.932145545645896,5.1427110755843914,5.3682604701985355,5.843419893926175,0.006082246882874438,16
201,v,-0.24008669225183757,0.07475274138109422,-0.38746372216349995,-0.2902465907971642,-0.2399752047871995,-0.18989671035209232,-0.0910648755781801,0.001455031708968883,16
202,t,0.45482230651567657,0.16687970128306231,0.15119897540025715,0.3337828776968641,0.44835413284816167,0.572926268440287,0.7894367779595798,0.002942500885035835,16
203,z,0.5614023308908203,0.04814301738723037,0.46704964296996626,0.5283979358214408,0.5617539489566914,0.5944156625987906,0.6557419453343594,0.0008811528057812606,16
204,a,5.135504657383135,0.35292815024091273,4.460054441121333,4.892175969992426,5.128982009819484,5.3647136912606985,5.862342804189119,0.0069549081643996025,20
205,v,-0.2938844730240839,0.0742875568657644,-0.44169934707829783,-0.3437705663081188,-0.2937935363992108,-0.2432473137033513,-0.14793836023651208,0.0015186584022535245,20
206,t,0.6232038953027176,0.2437368459001756,0.20307502491082174,0.4386640544717161,0.6106464100959945,0.784851011565207,1.1325215801572064,0.0049600438337499145,20
207,z,0.5426843520938646,0.0485108377360577,0.44675144169046266,0.5096146962959869,0.5431260683590983,0.5760309368464323,0.6366265981757847,0.0009460406036028157,20
208,a,4.952285311254941,0.31540297376251075,4.355493798737472,4.733407859317891,4.939419781102394,5.16411330527041,5.5932243986465675,0.004939143596318267,23
209,v,-0.11460148334088074,0.07233178724402016,-0.25855478886293304,-0.16322520128504733,-0.1146186514215486,-0.06456508772020952,0.02536847525541938,0.001489293744970499,23
210,t,0.49604488715283035,0.19210653338143072,0.1624259910162993,0.3570578888654723,0.4822056625468245,0.6271659514023507,0.9041384511730808,0.0033695815828893097,23
211,z,0.5012918472208171,0.048337658729069644,0.40463870274658514,0.468284820669116,0.5021980599306896,0.5343429786411222,0.592978726846087,0.000947588919096769,23
212,a,4.871024804042657,0.3265063242362371,4.260794046689685,4.645164576725328,4.85779748056723,5.086644803290644,5.553422235556148,0.00550432287147655,24
213,v,-0.1392325154227721,0.07831920695452577,-0.29032098022639363,-0.1908711066651545,-0.1407400683311919,-0.08756040629056372,0.020824983224268734,0.0012334302521795567,24
214,t,0.3982540087729723,0.14903243718640574,0.1300116452445646,0.28840310987716816,0.3926947755178186,0.5006516873404974,0.7071655094491227,0.002198689685107769,24
215,z,0.5155782236017626,0.050945434604021435,0.4152731271877492,0.481510958020055,0.5156832885110586,0.550274275334786,0.6171300311190672,0.0008216950871949853,24
216,a,5.387635084026456,0.39504884892644215,4.67275296879947,5.111017876733883,5.366094072362432,5.638299872920858,6.223199905654182,0.007160703682777427,25
217,v,-0.2501546077417374,0.0764593707439989,-0.3984818567583928,-0.3015598878254845,-0.25044065472741606,-0.19491384011974433,-0.10484328068217708,0.0015039706468747654,25
218,t,0.38663917027232203,0.15019244071369786,0.12878980406713544,0.27521364872135307,0.3761893261927625,0.4862471567826137,0.7043216037939835,0.0024989580206075243,25
219,z,0.4467676535940901,0.054417569782131546,0.3449675631236365,0.40960633860279594,0.445199350891691,0.4829354288412082,0.5555009655120784,0.0011910992307507073,25
220,a,5.170086640194642,0.3951293108790973,4.464671332301615,4.8925364717702475,5.151550433982124,5.427709879998833,5.985796079983502,0.006021469614274249,26
221,v,-0.35456537596317067,0.08768459740884178,-0.5214766290770181,-0.41321156528217995,-0.35501538433242436,-0.29493885512685813,-0.1792534774594513,0.001627801590340213,26
222,t,0.31439227432886835,0.127191864801967,0.10203177290641902,0.21936236814358068,0.3027814716494832,0.4003753076887545,0.5795802875918248,0.0019875220356912133,26
223,z,0.558577675608171,0.05361050065358631,0.45411669467556837,0.5216773686650265,0.5595369685506607,0.5952174115409569,0.6644048171554788,0.0010269236669815164,26
224,a,5.042739521065202,0.37145990601589024,4.368404669204766,4.783831906042242,5.0299167076779,5.281222674736531,5.800348997364044,0.006702877638521969,29
225,v,-0.13237041110679962,0.08227699564422672,-0.29197208198737307,-0.18794490189984658,-0.13302923547784673,-0.07730684426301332,0.028880566004795494,0.0017532620436394805,29
226,t,0.4952113188439203,0.2045604011650028,0.15424715296250388,0.34171780496457205,0.47585008998934286,0.6312230372866898,0.9307277044238177,0.0035500591554882602,29
227,z,0.5273229469155444,0.05674944557733893,0.41921884868243997,0.48693302908072844,0.5269766054368802,0.5673230935979542,0.6356973171645912,0.0011904254161252581,29
228,a,4.968873248996209,0.30936715990878527,4.403714674133516,4.760188094942772,4.954513467285948,5.167717289544484,5.625184000310664,0.004729605429644913,41
229,v,-0.09133179293432118,0.07367038777388218,-0.23692085397611434,-0.14164975579731584,-0.09092042790029486,-0.0413856456514583,0.053237143325536085,0.001340655485359283,41
230,t,0.41822265442914747,0.15650756954396908,0.1408302770092491,0.30406058103740063,0.41146393302931783,0.5248710092283966,0.7431698366762054,0.0028119106431677377,41
231,z,0.43600290229918376,0.0479548568728941,0.34121082672420333,0.40325096370181485,0.43535542177805586,0.4687255861804998,0.5282395770883938,0.0009016526631761449,41
232,a,4.667108785302125,0.33164977508419097,4.057544592251592,4.43405987895241,4.661372785448342,4.87687796577562,5.359992452511001,0.005903302859421273,45
233,v,-0.22680815156215686,0.0840028592909023,-0.3859844553808367,-0.28439541391846657,-0.2282582330513684,-0.17151922816258536,-0.052154705982960126,0.0017824699121311235,45
234,t,0.39534395595338184,0.14655833543641822,0.13334271627147531,0.28798187857080837,0.3863293927579142,0.49196081990259144,0.6979754326232992,0.0028752002104529334,45
235,z,0.5226035095226784,0.05132028833053025,0.42110021074863213,0.48705796072704827,0.5238101954223272,0.5576010044842418,0.6217757775450444,0.0010246147295092012,45
236,a,5.21688741220359,0.3171114580587802,4.623779638817945,4.991723534346811,5.213745794531497,5.4268359172119425,5.865212042248751,0.005832766664242436,7
237,v,-0.06552910360879148,0.06572141932867126,-0.19627678210257216,-0.11057981802642988,-0.06420034216308247,-0.021709822253986683,0.06349161486652488,0.001292301021257003,7
238,t,0.5933750613983527,0.2349626847396826,0.19736833437995357,0.41880878109481445,0.5722703953496278,0.7596349111873554,1.0824426939214866,0.0044085587592567164,7
239,z,0.5058827088935913,0.04640025637117642,0.4155140544584477,0.474371983865744,0.5060740741408786,0.5376214630127695,0.5955453026341291,0.0009154235428744613,7
240,a,5.444647826035373,0.3699604841561257,4.773029278816572,5.188215097657685,5.42555678478644,5.683912590198244,6.249240679453315,0.0068199501130209355,10
241,v,-0.18056014522496927,0.07004920252033717,-0.3160844122630882,-0.22880683037784946,-0.1803815737927138,-0.13264655303558492,-0.04520086969528839,0.0014532342552178892,10
242,t,0.5950691649879234,0.24316444683309682,0.18988752884259685,0.41468428156476816,0.5734697261179735,0.7582790957525781,1.120866850520739,0.004928566902930699,10
243,z,0.4871240433493864,0.051677717455455324,0.38727788193059776,0.4514833536385816,0.48722251412252754,0.5226563941480289,0.5876865451641436,0.0010690733543790175,10
244,a,5.14915055484981,0.3731195905654767,4.432844993635178,4.887353310661301,5.141962190751843,5.394313868676437,5.911177816271697,0.006563771136870638,12
245,v,-0.2734435096055445,0.08016982639923252,-0.4268434331201566,-0.32828802164425297,-0.272994508879696,-0.21995243505938877,-0.11503284023285443,0.0016586852551228957,12
246,t,0.5848729182430688,0.22860227754559842,0.19709256270823694,0.41132418864408055,0.5713427409341794,0.7467307665124453,1.0567113605762475,0.00456251549390284,12
247,z,0.5592012335160662,0.05213580453492177,0.4573653024807363,0.5238911017624276,0.5602649983090177,0.5950923613443143,0.6594434647638561,0.001049304565587189,12
248,a,5.1841625493151735,0.3457256253015073,4.551240083150758,4.9442638943613515,5.171667088827254,5.412384887875474,5.910284789367686,0.005206022717849134,13
249,v,-0.12500512531001373,0.07132951567751278,-0.26277805363145446,-0.17426993049433157,-0.12519452631389222,-0.07677622993726703,0.01533430077975706,0.0012659459982324306,13
250,t,0.5184050622156533,0.19724486523013185,0.1744790565281275,0.3701652481541005,0.5081270780986782,0.6540992148238757,0.923693453727739,0.003662143172285215,13
251,z,0.47757534801525897,0.050831763022660584,0.381053724068348,0.4435691914867408,0.47663761848388875,0.512425184171897,0.5778712241943901,0.0009249923492376091,13
252,a,4.499549194900802,0.3058459253966068,3.9273479349503977,4.287774459957811,4.488333245345622,4.698890924010439,5.140722424451548,0.005475861612447093,30
253,v,-0.1488790374061415,0.08368056980567845,-0.3152416616789453,-0.20526602311457315,-0.14850165344302507,-0.0934658396286634,0.01523678205022494,0.0016666356135761294,30
254,t,0.5788287520071007,0.2033037994061989,0.2090008317185486,0.43012195838364503,0.5762594179335425,0.7229686424834103,0.9856959472583942,0.003787151100653474,30
255,z,0.49281990198760556,0.05018119313063962,0.39348617652614326,0.45887419854715217,0.49265912187907257,0.5272550433523252,0.5890226715271719,0.0010266595298988677,30
256,a,4.796281530166105,0.35488604641147203,4.144434593774006,4.549040915810954,4.780726478148984,5.023835088971006,5.544874038842056,0.006192227856694827,33
257,v,-0.22639865681588636,0.08832257210598402,-0.3965475099909395,-0.2861330601563476,-0.22672563533377932,-0.16791632098512663,-0.05283662641954462,0.0017395568141677271,33
258,t,0.47641782120418136,0.1816324965967692,0.15960737580200068,0.338155467534153,0.4671502556429031,0.6061043596778088,0.8438291064515222,0.0034356649770321823,33
259,z,0.5138666630339135,0.05469422999562015,0.40498140162210117,0.4767653271087044,0.5140479116996607,0.5506708474430354,0.6212819258916256,0.0012070565622586532,33
260,a,4.913562258691386,0.3850665898222355,4.195862848416199,4.646348345384647,4.902328648498425,5.16767593886409,5.7165605344887265,0.007708440356887776,35
261,v,-0.3541790314627855,0.09014422903530399,-0.5257663240341544,-0.414750924414346,-0.35286423683701806,-0.29458898606068384,-0.1727483581939463,0.0016066803608913466,35
262,t,0.5285605940419705,0.2031337357628177,0.18569299356540592,0.37432775027390647,0.5139408929423994,0.6669636277974906,0.9559726620466832,0.0034860203434911225,35
263,z,0.5176814362533632,0.056594115591521985,0.4088562374772221,0.4795150221214725,0.5182840415949267,0.5562927201995063,0.629123729326523,0.0010815632431034265,35
264,a,4.53043107968501,0.3631380504345187,3.8664073604315448,4.279595245700619,4.511867370269744,4.765060993722167,5.283464055381279,0.007939087552275344,44
265,v,-0.26496187128836707,0.09114491881480677,-0.4456187331044195,-0.3269932918820062,-0.26578225029287256,-0.20238206941152592,-0.08639480207605743,0.001987819223418449,44
266,t,0.6477444561352618,0.23968919088099583,0.22241592587441875,0.469143352761311,0.6351342575463979,0.8183261826023605,1.1239732094875765,0.0058301910472348785,44
267,z,0.4835781864789993,0.05665368182488394,0.37221494205567984,0.44566426733606124,0.4817476722901918,0.5218499715243295,0.5970775190133151,0.0012631657304120732,44
268,a,5.861438931031411,0.3423743159017391,5.213440214950244,5.6282823886316935,5.8515388648248425,6.075027370325743,6.589541046672528,0.00561859085109706,4
269,v,-0.10889552751869336,0.057173760170544805,-0.2192768687836643,-0.14694485683850972,-0.10739926727203056,-0.0716540587091751,0.004929634520930176,0.0011054778739826305,4
270,t,0.6517983816237626,0.2594492014150127,0.20697625695309496,0.4544432379178159,0.6366857315867056,0.8260524402092688,1.21171764190534,0.004133875244046432,4
271,z,0.5611007126042378,0.044664407012986074,0.4691098629477997,0.5314687772426815,0.5619588931465371,0.5928074621952474,0.6438631712174138,0.0007540221867646989,4
272,a,5.449516936591317,0.3721540528645982,4.774910378293273,5.18654667862766,5.435132852876235,5.698998493247882,6.202928337630195,0.00689228646290325,19
273,v,-0.20784925811819505,0.07326891363428076,-0.355178366696027,-0.2571560150581821,-0.20664292906580944,-0.15773999154202628,-0.06417932936297488,0.0014385839863321924,19
274,t,0.4266616782264036,0.17992938849652815,0.1343682301165944,0.29228223521465024,0.4040019556065943,0.5424983991954115,0.8200534915031257,0.003041396411159447,19
275,z,0.5425214098129847,0.05219970088903106,0.4419598583453217,0.5068338688018292,0.5423143159705317,0.5779359243618712,0.6443007569823901,0.0009749728110652998,19
276,a,6.033312899750284,0.34950185566145586,5.382205224301945,5.792421368978327,6.028747475632181,6.260466609425656,6.728366260104032,0.005460197637830191,6
277,v,-0.1234100335555283,0.05570545433607678,-0.23433448559340728,-0.16030972960996992,-0.12388528508414184,-0.08494244586405594,-0.01290950028767035,0.001033507651817866,6
278,t,0.45467304192039154,0.19811321270366866,0.14122040385033413,0.30733950780235414,0.4313673116478636,0.5780294068837666,0.8973594993091952,0.0036488746618088693,6
279,z,0.5106964146758393,0.04490214750806768,0.42491617662395664,0.48026958675285875,0.5108933297842213,0.5407695068342094,0.5993223719546669,0.0008518298533837891,6
280,a,5.112642087647463,0.3217442455317786,4.495892862330457,4.89051099600942,5.1074355251087695,5.321391361794789,5.770824244083623,0.0062336606511745815,17
281,v,-0.27690164237830817,0.06845524182932405,-0.4135090441915277,-0.323344071368465,-0.276778381245091,-0.2300533874041496,-0.14420677271933652,0.001392165959566237,17
282,t,0.4846866314640374,0.1896542791852576,0.16490548902291813,0.34116029894965055,0.4711270455579591,0.611800215450377,0.8871015330844344,0.003232964702175023,17
283,z,0.5544837863069926,0.0439314120100819,0.47032474730995155,0.5247316308014955,0.554002416584164,0.5841746250582283,0.6433149455278409,0.0008645729560455781,17
284,a,5.332633037233023,0.39813917965707546,4.617323237892206,5.0552059633800805,5.314437133780599,5.58732931158881,6.152519669760958,0.006852105888892372,18
285,v,-0.2352274236430523,0.07913308755335652,-0.3860255703631764,-0.2899508347955235,-0.23514253349729652,-0.18139883286368919,-0.07649886912119852,0.0015458041669696024,18
286,t,0.6745440681786299,0.28025550437723823,0.19897085061177752,0.4593194133064289,0.6521725187152175,0.8694164745304906,1.256237745399109,0.0049499922667457395,18
287,z,0.5210127339116406,0.05680024781869945,0.40999416562854485,0.48231062652397155,0.5215363676176937,0.5602255814852808,0.6307816866239374,0.0012055046737404584,18
288,a,5.09481443860555,0.39656661425637707,4.3695760488396225,4.815799876596467,5.079261866773783,5.349599729072315,5.9230483925151365,0.007331542144135027,21
289,v,-0.2940209983213801,0.08935707554875594,-0.4751481703202662,-0.3537045428350201,-0.293463230262325,-0.2313009196283946,-0.1244838979634264,0.001719779238658142,21
290,t,0.5409089792852602,0.2241766484542904,0.1667703924419537,0.3723579774780306,0.5241315685293404,0.6908927212023291,1.0319603737195227,0.004217088263710361,21
291,z,0.53020609342617,0.05675566270600383,0.4197193592623193,0.49031392537102525,0.5295848283324934,0.5681531719571993,0.6417852841157714,0.0011242357079642926,21
292,a,4.774896042973015,0.3612828056290175,4.11004042117225,4.521073146911703,4.760881785861278,5.018988320728338,5.505581884615592,0.006590052838777135,34
293,v,-0.1888120618845762,0.0929027994180475,-0.3696398205421092,-0.2535689156309002,-0.18984754941240312,-0.12657639649957728,-0.006260540928858194,0.0017254821815838848,34
294,t,0.5058738716648622,0.20990275400630026,0.1567234814185006,0.34494236691987445,0.48562161072755666,0.6482791284071128,0.9536173954444803,0.0038343629479368597,34
295,z,0.5141112249838998,0.05829627826070469,0.3989997953735957,0.4745568940195601,0.5152081005424151,0.5547363713826988,0.6242426149796689,0.001144778519308083,34
296,a,4.626037008941501,0.32192080094234504,4.038834583261321,4.399801456139888,4.618053999328582,4.830740333085833,5.2894794877214,0.007113488320582752,43
297,v,-0.3902236562511311,0.08237003189754341,-0.5497085732100311,-0.44613631536053916,-0.3895898840609512,-0.33495251040397267,-0.22811549475497522,0.0019071367136731642,43
298,t,0.6754942215595079,0.19828515761282703,0.27982092617454624,0.536694429895394,0.6819738101477956,0.823111947281262,1.0329643883512891,0.003809076495826453,43
299,z,0.6084668480616652,0.042948078779022944,0.524996764073716,0.5794786241909198,0.6087500230658315,0.6381049782929782,0.6921993788691394,0.0009335166434457342,43
300,a,5.408984972093651,0.3342744747956699,4.7815846546520175,5.184421060120237,5.394157627406922,5.620892509935947,6.094521734828551,0.0056084549766240045,9
301,v,-0.09619073860207349,0.06404223417523162,-0.2245365024242028,-0.13930541773295949,-0.09554931350922713,-0.053504950067835955,0.03048416889802641,0.00135294352888302,9
302,t,0.5261043698328477,0.20861735559214192,0.1640225273460911,0.3747449490828761,0.5152085543273468,0.6688059026600808,0.9617523919925043,0.0036072674958097573,9
303,z,0.4805691815591326,0.04746174430628955,0.39080096974800316,0.44796104463487485,0.4803706299739358,0.5121646853039951,0.5737623962147229,0.001002118822486496,9
304,a,4.976503809065347,0.2874511441683619,4.450154992153707,4.76815237911217,4.971660564483602,5.171407077273109,5.552975480381549,0.004864781399358803,31
305,v,-0.12844197492455284,0.06833236338999024,-0.26373492087876377,-0.17465241265824832,-0.12842146206141158,-0.08188544091170293,0.0020698925885979103,0.0013320757699507462,31
306,t,0.3361747709473573,0.12632877032361606,0.11376830798715744,0.24364206568248592,0.3283793205686644,0.42337179203885034,0.5981766147697813,0.0022760391517325685,31
307,z,0.49169217373024254,0.04545557066634276,0.4055505859136082,0.4597184318414658,0.49124241707706984,0.5222538151521423,0.5819102656017345,0.0008861897465816126,31
308,a,5.871115473912448,0.382002028082366,5.164503231975388,5.6037061881822225,5.8632822581201625,6.122128871900188,6.637491058475107,0.005826094892622156,5
309,v,-0.12357145337809593,0.06303236316942333,-0.24666609531590522,-0.1671838725658059,-0.1226036311270459,-0.08037661775930191,-0.002129257797084061,0.0012940673791501153,5
310,t,0.6255327752572831,0.2745048355427384,0.18376615479874717,0.4212791429836974,0.5917428888220325,0.7970254964480765,1.2466035399369786,0.004136469918405648,5
311,z,0.5284784089036889,0.05004927611360959,0.42918531954904815,0.49413780981993266,0.5287982660539359,0.563297777062793,0.6257080200384367,0.0009965749253581639,5
312,a,4.504888316997452,0.3968989918445565,3.786148344115156,4.225580129437553,4.4883298261255655,4.763936166313138,5.33735692669193,0.007470273162309459,37
313,v,-0.12009994196180168,0.10374027682030396,-0.32312678468035716,-0.18911629585150436,-0.12064728680697678,-0.04949200450730276,0.08182326850914567,0.0019236716700588394,37
314,t,0.7802601786231524,0.3424411553471682,0.20980971125625122,0.5240663269120204,0.7457486599057488,1.0186645549579771,1.4970726524876983,0.007648698912145517,37
315,z,0.4654710452955131,0.06361760098866052,0.34519121170874223,0.42107831247740785,0.46422275294471194,0.5088682685402286,0.5931087332327307,0.0013302339075380515,37
316,a,4.95049129447053,0.36329373173351875,4.269431996009579,4.696305782943508,4.935235004255453,5.184971965612636,5.68990339396629,0.007135127069197141,22
317,v,-0.18697050029189063,0.0800254294755252,-0.3455164337563512,-0.24093779035705923,-0.1873190780302446,-0.13294255490019438,-0.029071093405864668,0.001694483251380461,22
318,t,0.6552409652904098,0.2571364434125204,0.21758919253616968,0.4671338821711537,0.6374196930114073,0.8246857121043483,1.195846018080272,0.004914911501118758,22
319,z,0.5450595482840396,0.05223282038473841,0.4395082694455781,0.5111281307155258,0.5460474738376379,0.5806196480976139,0.6439672401109809,0.0011183449586565863,22
320,a,4.907514999675684,0.3468923939457195,4.268555294860185,4.66200000232781,4.890914779966923,5.139589166663457,5.621072828671501,0.007007086672713894,32
321,v,-0.39193213093606083,0.08239456286834414,-0.5524284118140985,-0.44743553125645485,-0.3925672546612847,-0.33716470655392267,-0.23327743759537034,0.0017829159828970868,32
322,t,0.45997864748463124,0.17158287095755204,0.16094909091647402,0.33212993201236707,0.45116839544866727,0.5773272186685349,0.8108033697288656,0.003124720438992171,32
323,z,0.5735657784021096,0.04752268989222214,0.47806568986178116,0.5416551598956106,0.5747069287558396,0.6063351260365881,0.6657206271790149,0.0009980668901223915,32
324,a,5.055948128087098,0.3649901619485189,4.385118932140519,4.792849289364219,5.0395998242495335,5.296022056856482,5.7982596065774485,0.006302621045916898,36
325,v,-0.17472573566798863,0.08162191499086867,-0.3387170911806533,-0.22939644307299611,-0.17457864529339723,-0.11917668300218265,-0.017300612026497242,0.0015912439781853433,36
326,t,0.5726990559929891,0.24166798669996115,0.17625839421333173,0.3881857402234281,0.5439150383062525,0.7367169282756599,1.0864130961816216,0.004653101323539017,36
327,z,0.5220515438744923,0.05627404426785309,0.4119376038482229,0.4841291761637701,0.521563590724555,0.560062566382173,0.6312674656994213,0.001042671186931766,36
328,a,4.70735801505402,0.3350869967894406,4.09346558270302,4.479658649726421,4.690239415297651,4.9301734757485995,5.405309570781753,0.0071370364369433585,40
329,v,-0.20260031404872605,0.08229357886111112,-0.36047969712074074,-0.2594530543711246,-0.20334527480125691,-0.14515669612608245,-0.04213331236995299,0.001532645563780403,40
330,t,0.46254032131004125,0.1774659711412527,0.15469821782057244,0.3295296146586164,0.45221467950520805,0.5823155343479454,0.839903836170224,0.0032106168331786414,40
331,z,0.5084624494868943,0.05101391367901003,0.4097303528485359,0.47478314294268004,0.5083384941449667,0.5429602042246191,0.6078773378269663,0.0009561686374606861,40
332,a,4.454511605197215,0.3588669811771043,3.79325603182465,4.197158063015283,4.444707571215764,4.691963182367481,5.175766424342325,0.007957501046018419,42
333,v,-0.2801874420602273,0.09358093602590402,-0.46397349241908226,-0.34245192792339485,-0.2795762845561429,-0.21719176003268692,-0.10060393085929664,0.0019599785606428314,42
334,t,0.738600086631983,0.2625966658406791,0.24325804154841765,0.5541242132911622,0.7337522120150056,0.9247089836397361,1.2406953583155071,0.005246742951639879,42
335,z,0.5953519170168416,0.050385862848503805,0.49559365129223965,0.5620441866412484,0.5952832048809902,0.6301662140579125,0.6902595956123082,0.001073960843080467,42
336,a,4.692401666459226,0.37427489546054316,4.024980602060148,4.427443604384993,4.676735013140011,4.929241569343205,5.489221297428886,0.006132102344658846,46
337,v,-0.12213036050082726,0.09438398427235944,-0.3056768489065791,-0.18545226068367743,-0.12288355409954099,-0.05838412843173854,0.06175164233384839,0.001581392084752967,46
338,t,0.39155152243478086,0.16533358250093055,0.1191453576958917,0.26641220162447454,0.37813068586188026,0.4967966470455852,0.7499363117037282,0.0030101363701872694,46
339,z,0.4659123694875013,0.05987790626013212,0.3554822121205751,0.42350693033760883,0.4650568411526147,0.5070047951773534,0.5849641100428787,0.0011290508400113436,46
340,a,4.935797729558173,0.36051776051761086,4.268470719679139,4.688161236942004,4.923870824234867,5.169025554953478,5.689269223549377,0.007157942532641586,47
341,v,-0.2428124461976042,0.0844624358038648,-0.40673378584880804,-0.29950945269854423,-0.2454035649419884,-0.18384553470493525,-0.07818408749172034,0.0016613305445682656,47
342,t,0.5799555881141587,0.2367557690183014,0.1829127948316141,0.4008975636879299,0.5625228160357845,0.7432543937622542,1.0745401979764095,0.005589743305564228,47
343,z,0.4897073596149305,0.05455114427150584,0.3850855272648059,0.4522610136102024,0.4883063600799475,0.5272285789162079,0.5967207613781005,0.0011752169597245294,47
344,a,4.560132215955895,0.43696230958178656,3.7537479127363254,4.25362854766631,4.539899437583146,4.849987239245763,5.455175129508274,0.009299130674253319,27
345,v,-0.30737403890116466,0.12025419089810505,-0.5432209142398021,-0.3901481438104153,-0.3068996007078997,-0.2274759559822941,-0.06614886308368806,0.002560967844325528,27
346,t,0.6385991791844449,0.28537746666992186,0.18992022956886584,0.42301129964310147,0.6021044933157409,0.8187542931263385,1.2742660472945637,0.005616342038470092,27
347,z,0.5522320540804452,0.06635907635349496,0.42292174814041,0.507075448164613,0.5522474030362072,0.5982409058148621,0.6816339346883714,0.0013653810479942227,27
348,a,4.816434617143741,0.40480169380109055,4.0695989352010775,4.531771591850842,4.798166418942033,5.080423674065861,5.642514807300211,0.0070107421746379685,38
349,v,-0.3365108975309941,0.10072048276657869,-0.5356342527807487,-0.4051237698596988,-0.3374563428984724,-0.26715264663451804,-0.14092745488097214,0.00214147103214138,38
350,t,0.4507653292073047,0.18473826249662775,0.14042886960006745,0.3105313873054692,0.43568230008598086,0.5790226734892524,0.8368718311694676,0.003413296517804345,38
351,z,0.4972785084570643,0.06294444755764507,0.37498956185194643,0.4538433670094911,0.496485507771112,0.5402144860583442,0.619560547879058,0.0013025968629427444,38
352,a,4.533302049044737,0.38533107781685416,3.8305583786491906,4.2668775108209305,4.513576516827581,4.779805348019135,5.348786745632561,0.007523952788158532,39
353,v,-0.24588214153841131,0.10635267747604708,-0.4574326752428328,-0.3195149413401958,-0.24368167124488566,-0.17304920269658863,-0.036605590684592126,0.00195911891017178,39
354,t,0.4089079383837186,0.16396969418161697,0.13360636964216294,0.2825116859145521,0.39396163807933654,0.5222225063689301,0.7503805019417078,0.0027071153613267944,39
355,z,0.49915728359288075,0.06329080521562928,0.3768663894338127,0.45570464180674836,0.49769717100872357,0.5416856128671067,0.6264935471648838,0.0012340996506443364,39
356,a,5.690293374766605,0.3768012865914119,4.997888725764233,5.430619192302662,5.675037215785165,5.9397896093907026,6.461567993795109,0.00728861689816022,11
357,v,-0.2769061442167794,0.06818650899273263,-0.4164620813037078,-0.32245205821318856,-0.2751476996255854,-0.23014333480293714,-0.14614512717472924,0.0014694368391618053,11
358,t,0.6431154880822696,0.26451281808805505,0.20227344921476564,0.44139405778491847,0.623967840774497,0.8193242615641245,1.2091823663420929,0.004561644680619628,11
359,z,0.6102757385749733,0.04583052139756553,0.5206424333399516,0.5794303409382844,0.611235523587784,0.6421542558963893,0.6955018547084579,0.0009775311420747372,11
360,a,6.303239695992366,0.5125809654699591,5.378615595479277,5.9412242804525786,6.282272332918751,6.636567108655113,7.350499302217528,0.007948638093282594,2
361,v,-0.0014048444488241147,0.07464796222096153,-0.14627453266973287,-0.05287690936580386,-0.002589543062212596,0.049530658640360464,0.14511162599174893,0.0015349860861256553,2
362,t,0.585768690242408,0.29441114738753277,0.16228769634187362,0.37094462142368156,0.5334686137680328,0.7484347493571049,1.295240839035353,0.005326032655704053,2
363,z,0.5028588803477885,0.06364172231146094,0.37501037703338636,0.45993662920353046,0.5038916261817005,0.546737279855213,0.6252105567554488,0.0013136201202943961,2
364,a,5.403957096350759,0.6432195193378537,4.30508223713679,4.969161062813713,5.345871890756581,5.782369270692888,6.848410885529445,0.011477886201737588,28
365,v,-0.39770610085344044,0.12434275644533792,-0.6497990422882146,-0.4785931610531021,-0.39669589633720514,-0.31450649851129975,-0.15665332914042507,0.002198042164109366,28
366,t,0.5240897677340499,0.2562053091493266,0.13987107366646476,0.33265413929399146,0.48404705149479144,0.679559788012003,1.1237595806280725,0.0049437444347753545,28
367,z,0.5262464708712148,0.07760028196252096,0.3754625641231502,0.47103580651908694,0.5271581078636457,0.5820598056863502,0.6711529240354301,0.001491319483317052,28
368,a,6.0197984961833315,0.504254154518907,5.1160625476808725,5.670649170840378,5.993889365255279,6.344758792855012,7.0828506097272745,0.00765080607516658,6
369,v,-0.1325759123691464,0.08070274428041074,-0.2865682088203549,-0.18717030310594598,-0.13346377516830232,-0.07745899754060348,0.03012547595194137,0.0015700007437966768,6
370,t,0.48204149076387903,0.23050959974951624,0.138925869127258,0.31462873774196265,0.44376505323754645,0.620184829020852,1.0209117611628602,0.003983956672533333,6
371,z,0.5014608856382781,0.06422783142548709,0.37585591375613325,0.45791322909099513,0.5019127442306622,0.5455257062781361,0.6259545662642961,0.001254308175380026,6
372,a,4.888226475838472,0.38314127340453574,4.180802026620158,4.622820397758992,4.870687665612898,5.142303283579585,5.671634553137881,0.006885664494755106,13
373,v,-0.3298189061998807,0.09698426983565192,-0.5157430124015054,-0.39478529496273446,-0.32955771711271165,-0.26304442482412704,-0.14415504234483056,0.0021305927980245338,13
374,t,0.23024983217792888,0.07931952774991581,0.08615181070975411,0.1716747542151235,0.22943019898737899,0.286901451264032,0.38413064687717563,0.0014264120564902447,13
375,z,0.6503980364276697,0.05339806570328314,0.5407041898954466,0.6157553621240281,0.6523949871304852,0.6869789010888773,0.7517888391966215,0.001147413494020175,13
376,a,4.86741645639876,0.355591962582262,4.212152164443631,4.61974228538471,4.854085823527715,5.100971850142632,5.602932135515591,0.006618898587688741,22
377,v,-0.23119855860406668,0.08299294487788467,-0.39162923294683116,-0.28882765516900394,-0.2310743583359111,-0.17256154707522708,-0.06976515254117449,0.0014280913656972212,22
378,t,0.5937805390532587,0.2205283965790645,0.19730474205427634,0.42986635391306927,0.5866043123002932,0.750505729347487,1.026915374750234,0.004106304461869358,22
379,z,0.5621155015032945,0.05137688997913368,0.4586871802301657,0.5270017872841686,0.5622986850891303,0.5979823963522028,0.6612514889869687,0.0008862139003154174,22
380,a,4.593246504849863,0.3520508155091592,3.93123751623716,4.35775378966747,4.583404951207061,4.820836656572991,5.316607791969281,0.006469298545774616,42
381,v,-0.19414385838633036,0.08502307537956676,-0.3595956728816525,-0.2521860485750132,-0.1934639717435211,-0.13670225465373348,-0.02767966584271514,0.0014979395532692806,42
382,t,0.7910424570335314,0.27011352999455074,0.27657098796473356,0.5974613976365327,0.7975202928863231,0.99359855262378,1.290968359082667,0.004906073892025556,42
383,z,0.5369557647542371,0.051611374414685315,0.4323582919950764,0.5017480612117475,0.5374876327697424,0.5725887413186589,0.6349362877076609,0.0009361101320305947,42
384,a,4.684798874402077,0.2696523441494104,4.186643221136007,4.4978658185591955,4.672931981576782,4.862961960178125,5.236480877717941,0.005203015668191946,44
385,v,-0.1980327371634286,0.06842185274517734,-0.33635520617595543,-0.24186987556086506,-0.19899266222637937,-0.1513924098652294,-0.06561256109255381,0.0012950671727116458,44
386,t,0.49320622287550586,0.1568043803819055,0.18814860948768825,0.38092032019527283,0.4938222523996956,0.6047287032934892,0.7905861685676376,0.0027838116743663364,44
387,z,0.5222427319206819,0.043531557559894615,0.43944877805695365,0.492075788515556,0.5215375101413379,0.5511115898306769,0.6085560616589748,0.000776676294906725,44
388,a,5.270402197804506,0.6425060301961948,4.137913382895167,4.821966264749021,5.223516792778028,5.6713714135255,6.675380459637635,0.010711067586338602,3
389,v,-0.011005845588884771,0.1284761507066095,-0.2541311877582416,-0.09930963546948093,-0.012443714881016352,0.0755247536508874,0.24589030380560734,0.0019866157539532997,3
390,t,0.4768499541309609,0.2374923553388598,0.1337591317736685,0.3023150672569466,0.4375254001551364,0.6083995880530806,1.051687978011414,0.004078204496039519,3
391,z,0.5225662247455012,0.08825880436488018,0.3487418982612141,0.4622836175919871,0.5224505375497889,0.5846036025368585,0.6944537256985396,0.001358429318900748,3
392,a,6.006171492248539,0.4070301663154336,5.282664425032053,5.7156386565344715,5.991472703901984,6.273093003408145,6.845706709745231,0.006679866883039618,8
393,v,-0.16508778698259988,0.0651884066234992,-0.290667863633147,-0.20972280413231426,-0.1646028755872642,-0.12079201911629008,-0.03911815791669393,0.0012648401742822,8
394,t,0.5937133339756749,0.267239749973696,0.16875590946091007,0.39208389265770494,0.5656329774282999,0.760681373122701,1.1909179251966928,0.004256027169510554,8
395,z,0.5475498397403281,0.05155723691506341,0.44534818937104614,0.5136087830758631,0.5484515775099905,0.5830976316114723,0.6451903561992641,0.0010246748610930668,8
396,a,5.492622993951494,0.4267059846139144,4.717102715139862,5.193970387169095,5.469116884091044,5.768891962465336,6.396989100611181,0.0071001968178238785,11
397,v,-0.20587231062299668,0.08026548002420528,-0.3666590347691626,-0.26005252961291964,-0.20575082655759286,-0.1507966655779993,-0.05124295570529025,0.0015886552170121682,11
398,t,0.6126105933664908,0.27453413296412027,0.17987960681328954,0.4055539099938673,0.5822984085105163,0.7864169763676812,1.2309238755837877,0.0055922248253776185,11
399,z,0.5158779325215689,0.058671924177873466,0.39898081671008534,0.4758571794955254,0.5157873655352492,0.5560161840400092,0.6281440398644317,0.0011785781873882672,11
400,a,5.779712569926096,0.44243846842008794,4.988688208132651,5.468630225595303,5.755059461068987,6.062318273441759,6.731205469979046,0.00708409168721773,14
401,v,-0.22315660396770273,0.0790288890885142,-0.38077277220580824,-0.27640446355796866,-0.22207803873930992,-0.1685052917281462,-0.07140630540719212,0.0015360328648422494,14
402,t,0.5751425327980066,0.26613267389524536,0.1642372394796482,0.37996861879325183,0.5375498225437201,0.7378085475156222,1.1997539566995403,0.004537000252267215,14
403,z,0.5725121102753803,0.05711733572496053,0.45754681666416763,0.5328360621188118,0.573915954258697,0.6112994440553512,0.68368724735379,0.001135082453088132,14
404,a,4.716071253525538,0.38271174039377825,4.011351628614046,4.453061029904919,4.704612770493083,4.961249369830993,5.497929881205616,0.006464787221248822,17
405,v,-0.17510197480182468,0.09489840574536762,-0.3586972326489213,-0.24012082294224923,-0.17616101176127763,-0.10894675147656366,0.007021361320155295,0.0017015631266314383,17
406,t,0.6656362330625926,0.2729727715185997,0.20763977078564932,0.45722495712436684,0.6461996058537515,0.8529963882688957,1.2401580175255869,0.0043884926103529755,17
407,z,0.547025682536342,0.05737141816273709,0.4352689251643743,0.5076804499667845,0.5465637572011587,0.5859238819497231,0.6589561256711668,0.0009990906332253754,17
408,a,5.389746745483784,0.3662450968430477,4.696183843074004,5.140089207691135,5.374299842441335,5.630978896628376,6.134062715697382,0.0059486740743788505,18
409,v,-0.15111681817180453,0.07251593430954914,-0.28860168140375414,-0.20133042768605602,-0.1520591714113162,-0.10043168386133278,-0.008294665747787866,0.0013491430216575697,18
410,t,0.5302326062093085,0.2135795664602425,0.16624591110683073,0.37084707670987954,0.5173259139006599,0.6744159141177177,0.9650597652737826,0.003174724277627019,18
411,z,0.5577600145008469,0.05218032844231465,0.45137654565675633,0.5236652360999917,0.5585022130191508,0.5928464382058258,0.6587181158489491,0.0009925500353000763,18
412,a,4.734926895616096,0.3117765192669723,4.14806508385924,4.518252227550127,4.731020449412933,4.934764942197333,5.379559710333214,0.005259395703991923,23
413,v,-0.2564839530926777,0.07929224719620388,-0.41323519309930556,-0.3089562544935962,-0.25611126442463117,-0.2037821851518076,-0.09814717051741062,0.0014535418451555617,23
414,t,0.46418890125054474,0.16030040531462272,0.16771267774796605,0.34735659921713435,0.46045461990436143,0.5780216562879091,0.7861649926374169,0.0028100549026027167,23
415,z,0.5698041127170185,0.04674993375325448,0.4766748391339813,0.5379813824765288,0.5700604267348498,0.6018181908916655,0.6601883847243496,0.0008224859078053342,23
416,a,5.4072242389572365,0.4367831756575171,4.60812663184976,5.109373012247812,5.385407164369971,5.693817048654774,6.293771901507634,0.0072416936134827425,24
417,v,-0.3417497861978866,0.08721325570711522,-0.5131809909796597,-0.39956915664392184,-0.340747474923463,-0.2830678131158333,-0.17380769980314403,0.0018724180853981187,24
418,t,0.6459606304001949,0.2835339424705065,0.18406655273931208,0.43332705457445986,0.6152409269593195,0.8359980081934404,1.274600405314718,0.004713700349291422,24
419,z,0.5808040678762907,0.054877269182754096,0.4682743918549731,0.5437841517706211,0.5820650164680146,0.6193813057815797,0.6830110370296164,0.001130924507828618,24
420,a,5.145122941454198,0.35337315472216285,4.4977523345217545,4.902001542016113,5.130010923089124,5.367846688640416,5.873451303547389,0.006936870656418873,27
421,v,-0.36565414485055975,0.0761468217779979,-0.5111284515790011,-0.4176817228289769,-0.3662022789496804,-0.3132872898775987,-0.21841886743115857,0.0018401613654623987,27
422,t,0.5642060553678607,0.2082449457904209,0.1818273258940555,0.4100517038381883,0.556488458960493,0.706855140812773,0.9877201785232339,0.004477886155347761,27
423,z,0.5406683412553939,0.04899480281947535,0.44527829973636435,0.507872275457327,0.5405478443836311,0.5734608692176573,0.6363710067111222,0.0011546942943052249,27
424,a,4.80392293472843,0.2734548620934103,4.289107383562761,4.6189375151669,4.795525285130569,4.983132324990493,5.377504787210868,0.0052274596885813155,28
425,v,-0.27979116420916145,0.06698367914072796,-0.41176903526230174,-0.3241845532096645,-0.2799650054821843,-0.23424624266255994,-0.14512200115319582,0.001293484069689914,28
426,t,0.4755862278139132,0.14902541698798094,0.18472310946738024,0.36707847672187527,0.47563550559203965,0.5821073746673789,0.7616783890288757,0.0028570711616752913,28
427,z,0.5623783520861879,0.041100570859530096,0.48229915820298097,0.5339807463627082,0.563426404298571,0.5916935904686058,0.6409953638665481,0.000815575201805405,28
428,a,5.049432151490678,0.3345771947286384,4.434450047618451,4.816088903397372,5.039198394676816,5.270424953774332,5.745648815086404,0.005807011061266777,32
429,v,-0.27746206756537906,0.08203329089771252,-0.4383217601759118,-0.3304754572623231,-0.2765605083306458,-0.22292167302883356,-0.11901359537426243,0.001743470358381113,32
430,t,0.24555018690694547,0.09759836591760998,0.07676950794448989,0.172696696333387,0.24010262997195064,0.3126787375610525,0.4478389383403766,0.001604970662826686,32
431,z,0.5822567646501365,0.04989939004412338,0.48379413209928296,0.5488896344876031,0.583099948053473,0.6164213638029894,0.6771366213886268,0.0010102225178335626,32
432,a,4.919964621594663,0.3031418479823632,4.3553598054095835,4.712553622116922,4.9103460474046745,5.10776078370598,5.548764368640296,0.005708109704625314,36
433,v,-0.2793376424226965,0.07451552351866525,-0.418984388691908,-0.33088095094673736,-0.2808698920786874,-0.22935951589999598,-0.13012279479037858,0.0014613993214011368,36
434,t,0.3241382080824106,0.11560442833985114,0.11810653962275343,0.24048780010392784,0.31995492133857956,0.40221496102014426,0.5615619997164194,0.0019106102858727717,36
435,z,0.556630794110566,0.04640171164888587,0.4644123763219687,0.5245353902582228,0.5577004532434886,0.5894094343046321,0.6442613244656092,0.0009105179290371786,36
436,a,5.024700842002281,0.31165831984454795,4.446588586725316,4.804377161483046,5.006161127820495,5.222633069645014,5.67707853333228,0.0054422175843209086,37
437,v,-0.17089492748007656,0.06959101877528136,-0.3065613586898995,-0.217840526826172,-0.1719253118325263,-0.12430178861299707,-0.03174550473741833,0.0013079998039467896,37
438,t,0.512909688810716,0.18845610358459944,0.1750072472729459,0.375545726945251,0.5061730592592697,0.6439670924674568,0.8881787548798432,0.0034911165255714026,37
439,z,0.47926261356712946,0.048782524518172596,0.38441091574598313,0.44619482875713995,0.47950146752247,0.5112316249955471,0.5773199854125891,0.0010413919128524985,37
440,a,4.414611043676333,0.2963590838069908,3.8680573054365066,4.20750635893872,4.402786308015611,4.606815424547287,5.037452389536735,0.006125033896966245,39
441,v,-0.29869005420813666,0.08426294084202116,-0.46261092172435536,-0.35630415398464077,-0.29785394634526724,-0.23982100136885273,-0.13941296503528822,0.0015413566285042827,39
442,t,0.5519078339562674,0.1734659776410767,0.21554188869626617,0.4293698369626369,0.5583303650860297,0.6807383678242429,0.8681467856930992,0.003200588496439587,39
443,z,0.5915270475112504,0.04611457731669653,0.4969251501894606,0.5609331557193034,0.5925420161406884,0.622682797357654,0.6790938491090314,0.0008390833317528613,39
444,a,4.975547410012225,0.33553939051884213,4.359336564595591,4.737981325838884,4.967611456890877,5.187072949547142,5.663818937551085,0.0066307854184571285,40
445,v,-0.15182332006290594,0.07520403872298759,-0.30187154239929753,-0.20284210088663046,-0.15074590373858476,-0.1023192994586965,-0.003477091009586042,0.0015310919530723615,40
446,t,0.6486813098277272,0.22900691949243449,0.22924201311914466,0.47612809689953,0.6435407208113858,0.8160715624439461,1.0897541390222427,0.004750339684372221,40
447,z,0.48277344098303426,0.051610397024168024,0.3823476036495951,0.44745869273681804,0.482869239988957,0.5172461439852004,0.5830039064843592,0.0010406176397269697,40
448,a,4.886305079236616,0.35091546106403826,4.224669733552706,4.639267707668163,4.873732178374251,5.121844473070403,5.597131344234544,0.006914131729494108,41
449,v,-0.23365188709038193,0.08036424883055504,-0.39040000439977485,-0.2872960814116473,-0.23415232188773094,-0.17881952618351588,-0.07799182551836392,0.00159482430544678,41
450,t,0.6408588251980315,0.2524845072066453,0.20152183342292007,0.454396708419402,0.622966186944252,0.8119804126055084,1.16718176164612,0.00497985152457361,41
451,z,0.5111111951450157,0.05201491693601397,0.40990160109804136,0.4753072067425734,0.5110459086562741,0.5454959846445296,0.6143848347374175,0.0010501619765477042,41
452,a,4.347038935801469,0.37356068967814227,3.6667939679890336,4.082683493915253,4.32546476981306,4.593071396620407,5.15342574973073,0.008002438356265495,47
453,v,-0.2389636820891223,0.10053651540470873,-0.4332418796021963,-0.30739574511670875,-0.23831069933461502,-0.17209011451635842,-0.03869345042475447,0.002049578741830647,47
454,t,1.0202309641788456,0.314954230021081,0.3797648648268929,0.7925932249816472,1.0450056443140265,1.2679715475839797,1.5467043726444318,0.008171513551137927,47
455,z,0.4881066410554558,0.059522202133060205,0.37001934090843525,0.44717600392070145,0.48738878925045426,0.5285254409996175,0.6053479252457562,0.0013294440165308218,47
456,a,4.883426738710417,0.3204866346291009,4.2745622614680965,4.66418687452784,4.8740122065057285,5.098330480834247,5.543948242078589,0.006018174543218766,21
457,v,-0.2574906307393774,0.08109580937911247,-0.41882537344203513,-0.3121430912865184,-0.25993535161556336,-0.20252249645237386,-0.09387865056518052,0.0017420071926715311,21
458,t,0.43990891749411676,0.15839626862995426,0.1546115497120934,0.32043727684359113,0.43461219419167396,0.5544046493954601,0.7551567885489,0.0028937112952778766,21
459,z,0.5603362369559125,0.05021725220530745,0.46271754063349174,0.5258966618696878,0.5610870258707423,0.5948698116006671,0.6571060131717069,0.0009984696745113887,21
460,a,4.479413021115976,0.3463730377624543,3.837470763075294,4.244173414382872,4.4666881344363905,4.703935064675418,5.191929352484523,0.006295002343430052,25
461,v,-0.1806607906892923,0.09258888111085008,-0.366647738534306,-0.24359414896089332,-0.17840160681227968,-0.11787076192786061,-0.004597455353173963,0.001730695607962907,25
462,t,0.7273326250519584,0.24892746287089138,0.2615145726676011,0.5422918380506454,0.7283933852690576,0.9154135154673211,1.1857290559408646,0.004835609990694456,25
463,z,0.5682698102189769,0.052641006300616223,0.4660342810807604,0.5311518056663249,0.56967636524955,0.6054835931429073,0.6684674750742736,0.0010354474752097044,25
464,a,5.18485423250769,0.3710693418221632,4.488541528700488,4.929735634920171,5.158363433192069,5.433037988795128,5.9497433934498165,0.006311911533151082,26
465,v,-0.270114878109135,0.07703252689162174,-0.4187200100580247,-0.3233098548092268,-0.26974061936020455,-0.21887494428248466,-0.11713163442418512,0.0014549085535795875,26
466,t,0.5870386996753599,0.23163594570372542,0.18782315194787608,0.4125308445739542,0.5702420844395882,0.7430588714853587,1.0758557612149566,0.004895151565600495,26
467,z,0.5346067923899768,0.05144298999084988,0.43670981488528915,0.4985276370995419,0.5346162567830017,0.5690668580225505,0.6360723843936203,0.0010321346502813143,26
468,a,4.601944397232552,0.33114785800441254,3.984509735555034,4.380238751680824,4.589081083456877,4.814768995347811,5.294769995129753,0.005565754504271905,45
469,v,-0.1616642131316029,0.09177124964186699,-0.33787107087998125,-0.2254137843813159,-0.16115998942730614,-0.10092474144914738,0.022529149562866668,0.001944286835672361,45
470,t,0.38430752328662504,0.143955546399966,0.12641990713513296,0.27770304905064597,0.3805479943705304,0.48555737752936834,0.6753297587536382,0.0025980949316222425,45
471,z,0.5640070791847381,0.054714255042078844,0.45601052192240477,0.526820266657498,0.565526281023166,0.6005841433982846,0.6713969245212962,0.0010867179575792835,45
472,a,5.174480310664565,0.3687038964790423,4.495053185438394,4.918626946658958,5.160924752036469,5.417061128094069,5.930270618690676,0.006643641574183583,46
473,v,-0.1920772786932585,0.07903816837997697,-0.3534142912056897,-0.24430232160600313,-0.19241396893025295,-0.14034817684715017,-0.03537166301655001,0.0016798986199254248,46
474,t,0.7029415356042847,0.28627877281256053,0.214735038028127,0.4869386977546602,0.6801350774480239,0.8954138540720648,1.3188799836530474,0.005630690227923698,46
475,z,0.5069299326336888,0.055638608776476466,0.3941523917132715,0.4687776331875942,0.5079000188604644,0.545181010086878,0.6129885741488592,0.0010874918585575932,46
476,a,6.083982692871257,0.47246606174991607,5.2112788658744105,5.755127774138426,6.063575181088953,6.39148102678233,7.0603365311676,0.007038088345350869,5
477,v,-0.1757044321839717,0.0765655149144684,-0.32728555400470116,-0.22562849763394904,-0.17738964762322518,-0.12364045979371965,-0.024147707468983592,0.0013593616798299364,5
478,t,0.46994542106915316,0.21101940599948799,0.14013508174675415,0.30893713384626503,0.44549720166922946,0.5981484521491807,0.9492275491084072,0.003841457887037409,5
479,z,0.5954438747333075,0.058660639300599275,0.474909625285037,0.5568323481449252,0.5965738563203814,0.6359756801964913,0.70653353235577,0.0011920140593386394,5
480,a,4.877062599048363,0.3523800413428564,4.22974562339217,4.634711801829362,4.865773285544894,5.113131502134493,5.571985065134205,0.005693859277856886,15
481,v,-0.050713853109669915,0.08034045523045182,-0.20571629160804403,-0.10532710042533001,-0.05126259735207972,0.0027476566286730036,0.1090739416491574,0.0017031015669387046,15
482,t,0.5968565409796521,0.2329012236884244,0.18752247337789857,0.42324796019843325,0.5815868983907417,0.7589585518723488,1.0748499879711582,0.003994380325377861,15
483,z,0.53466772495448,0.05271129748635425,0.43140949681790586,0.4984358355389446,0.5349004125949934,0.5709469747943512,0.6379750214288765,0.0011364072549049935,15
484,a,4.766504636466076,0.39475184438704986,4.032269370806457,4.49178601712196,4.7501203308284605,5.025990303093773,5.586255160910138,0.007200866707530809,19
485,v,-0.2349489042914811,0.09608348326344178,-0.4243769650857434,-0.2993914503683115,-0.23443813395783264,-0.16915503252688452,-0.04835589716474431,0.0018692120157561107,19
486,t,0.7952351599677137,0.3122774766819765,0.2546728749968393,0.5604165900561955,0.7782487698941787,1.015088313285128,1.4301689436594305,0.0058936826488417155,19
487,z,0.5173362594442517,0.06249548502782998,0.39923639283214735,0.47465372091814906,0.516868728685792,0.5603688877393623,0.6425946255029907,0.0012857996546435904,19
488,a,4.639623269147079,0.34936198133046475,4.003212542274454,4.396969843597562,4.622194227325359,4.865002295423212,5.373042552608255,0.006602256000039472,43
489,v,-0.32713863354467604,0.0951874654627013,-0.5153715508744837,-0.3912471224886192,-0.3288620088768906,-0.2623382358704596,-0.1372941345007609,0.001790266337420043,43
490,t,0.5969327942430934,0.20567820553134739,0.2122810774622761,0.44543529922460745,0.6029395337202152,0.7485359848352614,0.9790591823571408,0.003658729301785156,43
491,z,0.6211053698423157,0.051846733401303476,0.5154915068125807,0.5862182978497332,0.623498969260609,0.6564848250585102,0.7174237905445248,0.0009748834263574249,43
492,a,4.903891208203968,0.39056062697633986,4.191096529444436,4.629455460277476,4.876311175925979,5.151169445128592,5.724639587599546,0.007522084963941082,16
493,v,-0.09034997988014219,0.08971199326134652,-0.2692122771908235,-0.1503583605801947,-0.09203130332193249,-0.02888100558580685,0.08539528510943084,0.0016171824031100304,16
494,t,0.5761042135481614,0.23499169199161615,0.18044647051634072,0.40399560353360175,0.5556518796563732,0.7291127804016871,1.0776304456864498,0.004740183564243578,16
495,z,0.4575395168584142,0.05852706977571789,0.34427888366700277,0.4176392749080094,0.45766071051083346,0.4969547563199697,0.5745757915696844,0.0010908161279912995,16
496,a,4.367826401131702,0.26904703924670126,3.8737668979967377,4.181337168454372,4.359287918129875,4.539125890146575,4.942539410992098,0.0047578242527627716,29
497,v,-0.10804378630727728,0.07834216361402879,-0.25807147818466836,-0.16144971247941836,-0.109023853947977,-0.05691808692522132,0.05274483310582424,0.0015883240163485676,29
498,t,0.7232983336091079,0.1786054434296706,0.33625133306071353,0.6093433631272168,0.7439010917408325,0.8551454951622915,1.0228457575201164,0.0038671617990098162,29
499,z,0.4509108879918848,0.04722842266961323,0.35748380049962203,0.41871351534025253,0.44995063552232717,0.4822416523742226,0.5465024573330716,0.0010643935181154844,29
500,a,4.870976281289024,0.36181598131711057,4.186643576759178,4.622977346925069,4.857762835168478,5.106655381384098,5.614455016487673,0.0077511925096503415,38
501,v,-0.32811621997880214,0.0782810227072329,-0.4818530010761054,-0.380296608275518,-0.32812212550087516,-0.2739174280951055,-0.17839614797403902,0.0015881614195318431,38
502,t,0.7761172459206098,0.27220554488787413,0.2731919588577988,0.5772877497968486,0.7710140016388466,0.9727181146117365,1.3087867809888425,0.005322867069627085,38
503,z,0.552309759965736,0.048048707575330474,0.4595328190202798,0.5201284194738606,0.5521566645581986,0.584367372467105,0.647281598628875,0.0008107223630560994,38
504,a,5.115164505996732,0.3999912713953158,4.350942145231663,4.840425535402299,5.09778164775779,5.381768408410004,5.926710517279157,0.007050930806462771,7
505,v,-0.0460468700354925,0.0849858517379182,-0.21335933071181432,-0.10237717130986868,-0.04662245854785385,0.011805966762397646,0.1219516009107316,0.0016743425053509931,7
506,t,0.7527024578317724,0.35475004557841766,0.20956670814972173,0.4850374286324898,0.7017754417484452,0.9696241131223197,1.5851628892212895,0.007240421038679462,7
507,z,0.52728158565466,0.05929550781566292,0.4089890040067616,0.4871032909571089,0.5278278704973531,0.5671556168509996,0.6402095809807452,0.001187470297163367,7
508,a,4.657422054668853,0.3319390656639187,4.047417694038517,4.430389258986477,4.649001973033978,4.873049116753763,5.3509841443169055,0.006316646142673518,34
509,v,-0.2398310939623739,0.08045237620079192,-0.39669546497286884,-0.29499627774750664,-0.23916552135118033,-0.18627839057795048,-0.0769793219433006,0.00155082757633686,34
510,t,0.7098584934832229,0.24023602376644623,0.26026428776124616,0.5391440139677982,0.7068122797028238,0.8813879888544502,1.1708741224171693,0.004669169205279725,34
511,z,0.4979839250606206,0.04807950576653322,0.40500973488024256,0.4654720414950404,0.4975289737020911,0.53021177900773,0.5936986474882239,0.0009024198014479041,34
512,a,4.407602034423364,0.30061733127994145,3.8543149747742587,4.19719944541292,4.4001362807405044,4.6032638773289305,5.017291336456877,0.00552245053769441,35
513,v,-0.18062418759913546,0.08592585046138022,-0.34791065616403877,-0.2371432254566875,-0.18085042781727215,-0.12328003178600389,-0.010176526028207511,0.0017499489256184498,35
514,t,0.6020429619932554,0.2017627745735751,0.21194872020122532,0.45873056740862916,0.6030334402399868,0.7449334838232254,0.9906173490532845,0.003568390892855963,35
515,z,0.5302198041995185,0.04975333244279346,0.43310209772471153,0.4961365226317974,0.531242348202725,0.563111445008249,0.6266202248394149,0.0009997595856805247,35
516,a,4.655639514296757,0.3407089126647474,4.0278749749022165,4.423443429983406,4.6326407934344775,4.877064637931278,5.362307584492365,0.00651809231314344,33
517,v,-0.23570324916004343,0.08413835168569628,-0.4010770115031246,-0.29181332854832565,-0.23650717579209002,-0.1792950944864794,-0.06810163902755606,0.0017019681755374677,33
518,t,0.6287352246348189,0.21216901826832202,0.22839635428082744,0.47419899246931885,0.6266887643125294,0.7853641226771337,1.0275849296940147,0.004682276751395247,33
519,z,0.4458806075846868,0.054713188320548264,0.33845454490433446,0.40776711318743303,0.44582941575794355,0.4840959184001643,0.5502719087679885,0.0013361249270337611,33
520,a,5.52203641955969,0.5250439463079989,4.583144138540758,5.1490812408102915,5.4995766371544805,5.853247422187649,6.641978656018864,0.00868931894579266,9
521,v,-0.12488771315902004,0.09818121562453201,-0.3166699344529218,-0.19045534693030858,-0.12479673454735507,-0.06064008209803895,0.06841126228791,0.0017493779796573384,9
522,t,0.49955919981877095,0.2465916833028278,0.13729859353717316,0.31226734451302246,0.46255455517089095,0.6408365576840578,1.0627491906483004,0.004061142890821322,9
523,z,0.5023548029558966,0.07122151478543563,0.36605246256662693,0.4526637576280328,0.5031320731381184,0.5518097777453455,0.6399009076310267,0.001418625937866182,9
524,a,4.876015625748744,0.3581176129169093,4.2130251266499,4.630049177931389,4.86044967671276,5.108843026654562,5.611122970862514,0.006400669418463706,12
525,v,-0.06200230298525502,0.08155564847089354,-0.2270775023490993,-0.11677152671874289,-0.06033782583688352,-0.006695265061904598,0.09500986298045433,0.0016613203309465915,12
526,t,0.5803760403514104,0.23668387518169398,0.17061872320643584,0.40574228213949126,0.5603351671176214,0.7435253871629607,1.0713216497978637,0.00402126218393525,12
527,z,0.5030217967857551,0.05438461586244324,0.39762701403955736,0.4659466500611895,0.5026466145909405,0.5396314846201049,0.6111367315727428,0.0010469732080331357,12
528,a,5.37863105795005,0.4060981937255785,4.628181094847736,5.0932207748325515,5.365482317468479,5.646128647077322,6.221050173115245,0.00715555121960855,10
529,v,-0.18622733255749954,0.08308989579886239,-0.348169365386477,-0.24369422832238918,-0.18580110792272636,-0.13106542004817054,-0.02496910206652897,0.0018075222365045406,10
530,t,0.6229196830256646,0.251547263597076,0.19941503556441637,0.43309362445795124,0.598102095069886,0.7925538603675554,1.1452495251537262,0.004692433864067336,10
531,z,0.629202008496533,0.05319606609537779,0.5164863670926787,0.5947988508978226,0.6314248259566849,0.6655033716234307,0.7262753798012362,0.001085431146193251,10
532,a,4.532546574495095,0.3659501895126367,3.862292335250948,4.278381910836493,4.511370960866975,4.773470455409363,5.300427958967491,0.007168903494886049,31
533,v,-0.23377031519292932,0.09184644325429088,-0.4094053100445754,-0.2976808046297566,-0.23393028139402255,-0.17119187166653604,-0.055616676307013946,0.0018302743384894197,31
534,t,0.7548187024054117,0.2674158525144347,0.2599368699701737,0.5588449407851146,0.7545059848651036,0.9466809328241235,1.2786203207094349,0.005481368752503626,31
535,z,0.5342653128791891,0.054886612538537126,0.4264395228121508,0.49684799437391924,0.5349836079507324,0.5717485880031609,0.6423746009323604,0.0011323273883786815,31
536,a,5.2933284682674415,0.5288409475573348,4.336063577581284,4.927749390817247,5.255904627722642,5.6306156044246265,6.420633805899102,0.008182762916117711,4
537,v,-0.005067520841925318,0.10478687847843955,-0.20953324193804534,-0.07441817912507781,-0.004746351059117304,0.06619453337522702,0.20294708360589842,0.001864244044521915,4
538,t,0.5061301066547367,0.24862533751641494,0.14282584631939343,0.32286049694214314,0.46815390992679967,0.6414061671581408,1.1139943433840338,0.0050014656864803605,4
539,z,0.5077272442233318,0.07529354291528509,0.3592961989024969,0.4556592930417606,0.5077441255338404,0.5586245553200588,0.6529892247907868,0.00124206503504225,4
540,a,4.574379078567315,0.40878088781674576,3.8222185636809636,4.287779094395828,4.5572999745081635,4.846153244032323,5.432899997194031,0.006979552419532152,30
541,v,-0.24021846322142912,0.10942094315269409,-0.45630911760954995,-0.31463674612896053,-0.2406443901660418,-0.16633452014257535,-0.02683044666634038,0.002287146881344806,30
542,t,0.5850257151987305,0.2250383517431787,0.18592219324769185,0.41329185771438737,0.5768987158715924,0.7373357247014155,1.0389919176840299,0.0037292552864383473,30
543,z,0.5231405333926691,0.06571277809387577,0.39627699110267794,0.47787044228785036,0.5224894244276415,0.5676142067255782,0.6568854059732971,0.0012651956933199598,30
544,a,4.2205352338675075,0.33790021768273676,3.598886881104347,3.984707934133024,4.2093031189998165,4.441831878952851,4.90787986844809,0.006526355581164864,20
545,v,-0.21476038632396163,0.10393838330279948,-0.4175568309720752,-0.28612945375000504,-0.2147444193295833,-0.14306786547898542,-0.012985655024930987,0.0018980589119804562,20
546,t,0.6725194530575309,0.23648433361325974,0.23463489488984204,0.4939384171805018,0.6716547410517989,0.8452498118696936,1.1202554122789736,0.0044450409015816495,20
547,z,0.5428360761443285,0.056266006545199095,0.43147015632438346,0.5046887346468926,0.5431469174726054,0.5821855814482152,0.6519599252677342,0.0010901371406605099,20
548,a,5.4084333779172935,0.2934119640133156,4.852076650629428,5.209407981811623,5.397164577822882,5.595246544260281,6.0062979575989335,0.0050648735741777775,12
549,v,-0.1967295793513108,0.05782779845569494,-0.31053941185167844,-0.23635204488975767,-0.196976323282828,-0.15667842918337416,-0.08573116538973086,0.001068853878501352,12
550,t,0.4861623271607296,0.17893429327054539,0.16450549228037406,0.3528360520904383,0.4790524381234844,0.6093615991795193,0.8449835982389926,0.0027856497033493166,12
551,z,0.5682113599214114,0.04134316613393897,0.487594044499101,0.5402400627226347,0.5687620631044056,0.5961739141494622,0.6494297425875403,0.0007802269474424484,12
552,a,4.8350757048816675,0.34482150156825314,4.203942973358018,4.5930498176570795,4.826472950385686,5.063940639349376,5.546451285119808,0.008081291593485121,27
553,v,-0.2991304226838876,0.0739960456753469,-0.4418263080026004,-0.34909375537177784,-0.30020316011942116,-0.25018730242468884,-0.1503341058327513,0.0016692997530167839,27
554,t,0.8986659576944411,0.28946200944456035,0.3431588199282424,0.6923198336477836,0.9069771768078922,1.109747174614839,1.434796766702966,0.007035442504337746,27
555,z,0.540256007288966,0.04684370442531831,0.4500057077847877,0.5083740740160996,0.5411367296888838,0.571796345714486,0.6292985811117853,0.001084277723857607,27
556,a,5.218242732611541,0.3464682471682182,4.570656834943336,4.981174586275454,5.206217372032737,5.448042612412588,5.917809279231996,0.005747855026420898,28
557,v,-0.26241428636985276,0.071506320658984,-0.4029789406961821,-0.3112563536480657,-0.2616109075378563,-0.21309521886910004,-0.12374237219186121,0.0015862904623666157,28
558,t,0.6433863972445069,0.25585367877740267,0.20503470317766784,0.4478705475153754,0.6273236503133964,0.8157237817483526,1.1785883732247862,0.005242507024385045,28
559,z,0.5440110120443686,0.0480071608175228,0.45021418816845615,0.5113062285001979,0.5439868868476723,0.5772843959179488,0.635927140063127,0.0010040646596423796,28
560,a,4.823821916539919,0.286360638463671,4.300914913414889,4.62463193271363,4.8108248858283496,5.007518655391143,5.4234438571449886,0.005859240455794217,30
561,v,-0.20584305531797364,0.06672317989473427,-0.3360982254225576,-0.2522604482306785,-0.205751110517721,-0.16017825116271978,-0.0777832008558168,0.0016129899881722042,30
562,t,0.5516988676931839,0.17300903876700038,0.21747668942599913,0.4292447503350535,0.5550188442702955,0.675438791941481,0.8779286199081602,0.003917656295691643,30
563,z,0.46876849534366877,0.04409643155462074,0.3863414014290784,0.43763334419925154,0.4674964440963754,0.4997824329269994,0.5562036760049808,0.0010824703503703142,30
564,a,4.621029557116584,0.2721324356261013,4.112385142563708,4.431966866278363,4.612480170165874,4.80060145099526,5.193567272034596,0.005118151216940707,33
565,v,-0.34819588213327174,0.07497429158279126,-0.4921290695000341,-0.3996758773917539,-0.3482338043173848,-0.2991092824812333,-0.19882786580567868,0.0016849356143580768,33
566,t,0.36243951391126106,0.11893541776471238,0.13822979946857653,0.2780853869725871,0.3623387100269946,0.4444718729618403,0.5938132170616449,0.0019582092644619504,33
567,z,0.5627470332938214,0.04283235400342156,0.4789401393009073,0.5336361648842133,0.5628568650178458,0.5919418903473235,0.6465999211364813,0.0008995952797653448,33
568,a,4.922032320984149,0.2673334123495505,4.418589357951536,4.7370113101759035,4.923001161412319,5.098326759313873,5.462704299159883,0.004158420638097607,34
569,v,-0.1580568556623253,0.061382637746218334,-0.27669258466819385,-0.19926694089899855,-0.15843593025427016,-0.11718066415873246,-0.03739263611808219,0.001121905539335485,34
570,t,0.32437727036048575,0.11753136414556808,0.1092489896779314,0.2377329493012464,0.31967739487227687,0.4060757966522921,0.5602685662501118,0.0019433843404544446,34
571,z,0.5292145914979646,0.0402741175404014,0.45085994090872517,0.5019844166956802,0.5298618080078479,0.5565252585371584,0.6083253035511069,0.0007781709540285203,34
572,a,4.875438533834019,0.27270434664686827,4.360334368679363,4.68856071734535,4.870837154337204,5.055441108815373,5.429033788577665,0.004985855775942705,35
573,v,-0.3410830910621415,0.07066340262271928,-0.48173066588866287,-0.387150456091531,-0.3406364394407006,-0.2938785914940522,-0.20388086795228333,0.0015136232228761355,35
574,t,0.30919959324595575,0.10283791460793297,0.1179461000644286,0.2350099849916829,0.30807301926722425,0.38257252071904535,0.5110422585074854,0.0016956530969033743,35
575,z,0.5854576724463832,0.041225767244166406,0.5007651893243165,0.5582097809316063,0.5867161911477374,0.6139087364078575,0.664115270086936,0.0007745673988652414,35
576,a,5.017687206304707,0.33391304439445774,4.3997186364852,4.791605406856082,5.002769595946723,5.231618216994775,5.7184314862722765,0.0066681191044608195,37
577,v,-0.2342820686641928,0.0740328001966467,-0.3764982419808275,-0.2848621493107857,-0.2344691249571323,-0.18471421649404474,-0.08787415750831165,0.001567684449928113,37
578,t,0.6441727374326338,0.2420205712245363,0.22202451228532943,0.462957304753758,0.6345651055522192,0.810491582801109,1.1431078202871796,0.005792595535240974,37
579,z,0.5002703675702004,0.05041935905116132,0.4047647296194736,0.46578755098996616,0.5007533248148918,0.5340651840141017,0.6012373822034432,0.0010825211811079647,37
580,a,4.896697008829263,0.3173551767661057,4.306895243838015,4.673034656454397,4.8891628481182146,5.112938922988677,5.53301841104243,0.006170616443856297,38
581,v,-0.1999150023197153,0.07123006249962792,-0.3413698779487496,-0.24573130042084185,-0.19964794425669702,-0.15215915559270243,-0.0588328125426924,0.0013280573260039093,38
582,t,0.6305734150673759,0.22877331677748686,0.20635148050407937,0.4648965238807578,0.6236603354989708,0.7889578371375274,1.088438727926904,0.004612225942188667,38
583,z,0.4662786239286022,0.047011830877801315,0.3750654278582175,0.4344199877186228,0.46584707069658204,0.49622623621812384,0.5628488215632206,0.000993835739197193,38
584,a,5.028010979756127,0.2903228383684994,4.497540377462752,4.825752985626404,5.016558600784496,5.2167096708886564,5.640974064867815,0.004395750610300528,39
585,v,-0.20320387803345596,0.06654572919361468,-0.33258766641041504,-0.24825508933030968,-0.2034531571684079,-0.15840510850459455,-0.0685529649050235,0.001395398886804067,39
586,t,0.16529806488200985,0.06056731034435351,0.05751279790409056,0.12031438542942627,0.1627450081064393,0.2066805670270907,0.2890406694533638,0.00105136682949415,39
587,z,0.4590759712479601,0.04460342638982909,0.3734763687051693,0.42860368678035826,0.459014986222586,0.48917606773659167,0.5466807671309275,0.0009321325739006696,39
588,a,4.711838720883147,0.2944788677297763,4.165730452188307,4.503439029350929,4.699213768965969,4.904486243450048,5.316193319479654,0.004826076162940966,40
589,v,-0.20270416885399,0.077369260892309,-0.35471066536584195,-0.2555766260304215,-0.2023447338035686,-0.1470610622185985,-0.05532342506627108,0.0013968645883537416,40
590,t,0.24277899100635275,0.08396895711282344,0.0875480441027987,0.18270083509117796,0.2406992406929857,0.3008965522964052,0.4078137649967626,0.0015407592388937616,40
591,z,0.49709553422663516,0.04870098460745085,0.4024296465120754,0.4638093743995622,0.49671340912227196,0.5296498168372433,0.5950363697386828,0.0009762576271303575,40
592,a,4.874856604847415,0.28505194138218853,4.3236821825473655,4.675717369691641,4.866729569913907,5.061063250624342,5.456504430006934,0.005642698891802996,47
593,v,-0.2028626094088924,0.06786482032699667,-0.3336428163158057,-0.2489657159354521,-0.2032922213006979,-0.15650194291020192,-0.07166569980019455,0.0014761916659988892,47
594,t,0.4741439110756039,0.15410900524102508,0.17768747028136928,0.36132907408766585,0.4753497041025727,0.585428225301284,0.7724457951355381,0.0032618219770749806,47
595,z,0.47900710646545436,0.04485293028125892,0.39413839355215174,0.4480014603984056,0.4784936603553003,0.5097934667728721,0.5680535667686799,0.001012497054432045,47
596,a,5.535197617170936,0.29005272944874255,5.015702724070563,5.328422363553991,5.521420334546455,5.729267014293885,6.129087469817907,0.005403944572790813,15
597,v,-0.28295563605234175,0.0573651386478809,-0.3965514282536516,-0.32143955881093494,-0.2829404911239454,-0.24410405150982895,-0.17121242937310288,0.0011896648739334445,15
598,t,0.20243756557851678,0.07307217714460182,0.07302325672856622,0.14753307788578274,0.20009221614611988,0.2532619056296665,0.3489441073879446,0.0012623958071247608,15
599,z,0.6076894536445401,0.03834538200863259,0.5317031698619702,0.5822055784547189,0.6086358367450819,0.6341631350065919,0.6822766950028817,0.0007513718856323857,15
600,a,5.097413864171174,0.3001417815273875,4.533619570332498,4.891785725826077,5.088887146943404,5.2937098021305635,5.708126622082261,0.005621087870204468,21
601,v,-0.19947768121515297,0.06290749148294589,-0.3269370682005742,-0.2412844768215171,-0.19899137346628337,-0.15612820150272824,-0.0802001914977526,0.0013121118532270833,21
602,t,0.6885979431234356,0.23218976683059417,0.24946128674959356,0.5148009641020265,0.6933938457578976,0.8553241669979502,1.1285630448219561,0.004252546523196567,21
603,z,0.5755137116822612,0.04100261954156021,0.49358025204841127,0.5474403504065315,0.5766395827764336,0.6033194239688707,0.6536783186035712,0.0008310228835848512,21
604,a,5.093410239663668,0.3083728752348667,4.521525031908791,4.87987367958751,5.0740777152154815,5.298699266934291,5.729430197229803,0.006073826131760317,22
605,v,-0.25224786762969964,0.06655520005309072,-0.38304958705788605,-0.29721397291145596,-0.25348133749473695,-0.20752945458168665,-0.12241924012013577,0.00126514785621445,22
606,t,0.5171966306670803,0.19956705605161343,0.17942328554993586,0.36639972301859386,0.5032632605451818,0.6611785042123887,0.9183467662099332,0.0035735776890689817,22
607,z,0.556453575879757,0.04249865466090221,0.4746679819814599,0.527400578387227,0.5562594454795855,0.5859216084358461,0.6375484506233536,0.0006957015092493438,22
608,a,4.67552245782989,0.30762987505599165,4.114238635593554,4.45816269373188,4.662690170788733,4.881758677212198,5.322176935767233,0.006083911375736754,25
609,v,-0.15579638085431916,0.07603474048404098,-0.29890339135973987,-0.20931722376909467,-0.15869537507277076,-0.10260123627510503,-0.003544563797808875,0.0017030157378792714,25
610,t,0.8225976468683729,0.25643529252255537,0.3292991589028761,0.6406617049137782,0.8266196063758797,1.0073431770473886,1.2963595148796638,0.005722439467913636,25
611,z,0.4870404901524802,0.04884936870248513,0.3918010205589535,0.4535954680278452,0.4883537422648793,0.5196111827129111,0.5841829480067683,0.00117133930535569,25
612,a,4.881997614352431,0.29862919757452056,4.339094294086482,4.668731638253705,4.879255868719061,5.081655670128111,5.487343053406702,0.005516166224388804,31
613,v,-0.29800467654514845,0.07727903357967442,-0.44810728671279887,-0.3506014601266525,-0.29801933654254936,-0.2459229412811374,-0.14432911214430977,0.001636758349133824,31
614,t,0.3990655954984427,0.1315619922169583,0.1528466609440459,0.30411165428301773,0.3966749670492159,0.49316380472026783,0.6535652891793248,0.0024001238040035505,31
615,z,0.5949079721265021,0.044323140667988196,0.5057246671575747,0.565314352064675,0.5957271783928475,0.6250542639020842,0.6807476147267034,0.0008454524677597956,31
616,a,5.155685442647554,0.3405945813815638,4.527335245804889,4.919021825538412,5.144965090651066,5.3769313740265385,5.867123169663159,0.005939180313841516,43
617,v,-0.29335025279223376,0.07009231860009113,-0.42941031385293227,-0.34053866736344307,-0.2935099191260133,-0.24584829346179302,-0.1566421948334923,0.0014722795948801945,43
618,t,0.5885608612675313,0.21288508062459913,0.19791978606789384,0.43216822130891946,0.5822133085199017,0.7355482343497477,1.0148172668784445,0.004102702066262329,43
619,z,0.5670210084359739,0.0452488420496836,0.47311194932220724,0.5374200421458658,0.5682617829120823,0.5983120259488327,0.6526295789067349,0.0010053295069919214,43
620,a,6.060980155198998,0.4934904015258966,5.161412375396018,5.720372923698222,6.035435874223377,6.375112154668969,7.08861732990214,0.008170524629005992,3
621,v,0.056081659619923424,0.07692042684482489,-0.09409452253792648,0.005136117966057535,0.0555060392933549,0.10872887606811377,0.20713146493129275,0.0013296902684217056,3
622,t,0.604558752905755,0.31142533171570386,0.15212239954722323,0.3788784497139247,0.5534970063716016,0.768616034974734,1.350670323347136,0.005575640870264978,3
623,z,0.43802503051902403,0.06066749517591182,0.32354545863479844,0.39628329177994753,0.4368458877716455,0.47890765095416443,0.5571523769063296,0.0011261154604493904,3
624,a,6.263638372102011,0.43199572035508293,5.472933427890986,5.96400967234141,6.2481873420979195,6.531211029252237,7.15616175301137,0.006743011672713408,5
625,v,-0.07197792413520693,0.06545093425556664,-0.20246047741865508,-0.11567113165989751,-0.07265902656667916,-0.02838815555942875,0.05696459038044527,0.0013013756482509321,5
626,t,0.5539709484630646,0.25798687484856075,0.15641508755224412,0.3589053846887759,0.521980475109295,0.7078050293604746,1.1444719849514482,0.004350041352864575,5
627,z,0.5431161183315867,0.05411398619012753,0.4359008295196456,0.5065008121954953,0.543459062830719,0.5806256246658861,0.6465677698235964,0.0010129125542511343,5
628,a,5.587688739440444,0.3307848649670434,4.9538058610449855,5.362907185875564,5.590120119308194,5.80534697684027,6.258316830759007,0.00592937232248443,6
629,v,-0.1567972294940201,0.061766279360343145,-0.27879425200192487,-0.19826180182247952,-0.15577771414280928,-0.11556846607435298,-0.03823555179069507,0.0012179084281273731,6
630,t,0.5152116935649378,0.21344191654829076,0.16130051161858547,0.353504975274104,0.4987962087164363,0.6535466771160694,0.9929555762622322,0.0038213388326288115,6
631,z,0.5319792413518798,0.04619891282613803,0.44153144736511,0.5003069416393325,0.5321159481260361,0.5625738024267536,0.6268405291756441,0.000815647914635661,6
632,a,5.39363127283571,0.33256740248245914,4.770595333340831,5.1626297095515,5.382108088655361,5.605583693218364,6.080234465580831,0.005610830102787318,13
633,v,-0.23071017559524803,0.06594383460896563,-0.3607301079729827,-0.27491462699071195,-0.23082284210349535,-0.1860225428825031,-0.10009548760825993,0.0012176433429905834,13
634,t,0.43809383038094446,0.16880922911329635,0.14177509275779066,0.3121908602770809,0.4263239503355626,0.5520627286909857,0.7885966892813232,0.0029844279703594217,13
635,z,0.519220110946836,0.046271839021067504,0.43204805028153265,0.4876319669234124,0.5189841942774611,0.5505933166588902,0.6101364161765658,0.0008837087844710314,13
636,a,5.282783831348518,0.3117850391973471,4.691193946542897,5.0659001662825,5.273366336728282,5.484590025900031,5.932504047383386,0.0052030005928641225,24
637,v,-0.11898529810814236,0.06384923297330768,-0.24058696949139252,-0.16340116961456294,-0.11888877832720757,-0.07582846584405845,0.010926147113962614,0.0011741569934278174,24
638,t,0.463315492319089,0.18648593137108327,0.1495256934929744,0.32787499384505636,0.44553576682035234,0.583000894483808,0.867649696652284,0.003256435115296669,24
639,z,0.502981894611012,0.04539951646728549,0.4160921314526049,0.47213122486127074,0.5022494772398046,0.5346222278703796,0.5908945227901664,0.0008138055754430261,24
640,a,5.25559154618051,0.31827236019295846,4.673184023694278,5.038206989017602,5.241881537693409,5.461455097074101,5.923212920792011,0.005478574144473327,29
641,v,-0.1512604656814879,0.06555145793201198,-0.2753040305914385,-0.19431380853905678,-0.15330335632386127,-0.10636390422379571,-0.018415075494046418,0.001302857924924043,29
642,t,0.43487563341504026,0.15290171070660655,0.15301161205187425,0.3237418434011694,0.4319903077622999,0.5420390483116873,0.7399104163147551,0.002467186124782348,29
643,z,0.4860563432663672,0.04705857479583379,0.3941155018142572,0.45404393499940016,0.48724243892039165,0.5173904556253748,0.5771059851541743,0.0009589120041468239,29
644,a,4.7614313657454534,0.32901355254133174,4.153202299348647,4.534134118548851,4.747181722108269,4.967924101990839,5.449569628697168,0.00653375971640357,36
645,v,-0.3913300690736873,0.08702901457314798,-0.5672513494047833,-0.4488139153411512,-0.3898747223843788,-0.3337333884863738,-0.2220750402626659,0.0020100921076123992,36
646,t,0.3407842568648367,0.11732936518024571,0.1198267794545828,0.2554156563596102,0.33979521504508825,0.4236506295229687,0.5701387914613008,0.002327686300224668,36
647,z,0.5206356210932521,0.05127071763278595,0.4197444836502329,0.4849942049535718,0.5215384456812522,0.5556325232829389,0.6200280348997079,0.0012062177387970594,36
648,a,4.771590568384462,0.31728365493726507,4.18820702379212,4.544934241425676,4.755561828621411,4.983134284387931,5.413792291828871,0.005621267472075171,41
649,v,-0.27188090999332626,0.08240620109844027,-0.4321978588172044,-0.32733198999233065,-0.27093552552318034,-0.21789292049852538,-0.11171761377849443,0.0016983862658049849,41
650,t,0.33996081514310134,0.11420869382060367,0.12603635841001123,0.25819577102496466,0.3350560545261942,0.4194705834167479,0.5618459277022299,0.0020143765541688285,41
651,z,0.5394049915854479,0.050227013303811394,0.4418723682890114,0.504680005547068,0.5400616692667919,0.5723231525287436,0.6391718954726132,0.0009190286128252289,41
652,a,4.957819267527834,0.3502342863684351,4.309035782974435,4.706232041868768,4.947898150894805,5.194782008289867,5.672686503455627,0.0060448114600389355,44
653,v,-0.24514766300493193,0.07801707128420851,-0.3957773580901036,-0.29745903632883386,-0.24499275923117947,-0.19177369517770804,-0.09334611102353563,0.0017366437499121174,44
654,t,0.546536903022539,0.21343073139193078,0.18395655802697086,0.38788350505072516,0.5328961051672836,0.6913518179616378,0.9973288859211575,0.003920420001934764,44
655,z,0.5225619511506149,0.05076960314414656,0.4227193011004573,0.48937575169963904,0.5227447429198216,0.5574595622070297,0.6232390569619933,0.001030920918869326,44
656,a,5.383746908059351,0.35287677867454,4.717047329120755,5.137010957735824,5.372941706654256,5.624147317313555,6.088708262916479,0.0070355838985585156,11
657,v,-0.21196475645884963,0.06786113856186225,-0.3477699695407515,-0.2569721629366654,-0.21172927648346337,-0.16540544752329062,-0.08220471197207108,0.0013212070643827379,11
658,t,0.6897113925204316,0.27172191376157984,0.2194027334578941,0.4889865946236913,0.6727499235957183,0.8748273416130659,1.2497791823155255,0.005331464860280338,11
659,z,0.5801403874586282,0.045929106708153214,0.4898924860135687,0.5481892465054763,0.5812141678583885,0.611999123452825,0.6688645922406294,0.0008025577717048945,11
660,a,4.913640386402352,0.2789432707038035,4.3938773341237995,4.717001685395499,4.907559776309609,5.0952768453476525,5.481648976739463,0.004867633589270531,19
661,v,-0.15261370406426147,0.06207062479211895,-0.27257918265201597,-0.19480444213909598,-0.15287964634745277,-0.11150479400170722,-0.02885932902286531,0.0012840154102144652,19
662,t,0.5661668618291533,0.19412587224796102,0.21288748205291524,0.42313609204759806,0.5614530654154299,0.7027195981655552,0.9480280451831894,0.0035154495801165094,19
663,z,0.5384618296057138,0.041513489145303416,0.4546999726149589,0.5113811287070186,0.5385660285800239,0.5668854027929838,0.6184993415669623,0.0008338313543898787,19
664,a,5.08390292011993,0.31774417573713454,4.496736141197638,4.8667823885501695,5.067644229434598,5.2969973200772,5.733628963008973,0.0059729103429037355,23
665,v,-0.12130915112603866,0.06737438929519568,-0.2503081678481136,-0.16648848272998373,-0.12267343209225517,-0.07666440534628347,0.01147196146620888,0.0013475913862656186,23
666,t,0.589191399357626,0.22559850747261906,0.20146862612489286,0.4224256731483908,0.5752191918354406,0.7470830614019792,1.0456913779562207,0.003998744408143977,23
667,z,0.5401755353221154,0.04472172415162631,0.45011818001432513,0.5108619719537069,0.5410127313324904,0.5700770222689101,0.6269191515198957,0.0009295632343495789,23
668,a,4.284484448792825,0.2831473079993478,3.770344561941979,4.08069357198537,4.275200467489354,4.471143387332804,4.875379424495118,0.00550103702631837,32
669,v,-0.08175692602091697,0.07993081300079004,-0.23603076222040953,-0.1369312455584495,-0.0818117455288575,-0.02783308659916245,0.07664023209008936,0.0018270660011411876,32
670,t,0.8553353843045007,0.22369935577538372,0.38027260906814725,0.7085961588015963,0.871445583628516,1.0254341739891908,1.2290952408852398,0.005134130307108126,32
671,z,0.4452592565354663,0.0496677404844023,0.34975304749027164,0.4117181126192276,0.44395821436491145,0.4787249714845865,0.5464342058218419,0.00121187081042795,32
672,a,4.844865135870104,0.27241975015276576,4.342618283271921,4.652820720711576,4.835904733137727,5.023289603890569,5.403380215800079,0.004838390459570651,42
673,v,-0.23382249483119574,0.06514902192132756,-0.364426854366272,-0.2772044474244588,-0.23242871653328923,-0.1898323431468309,-0.10922257912295524,0.0012533854724837462,42
674,t,0.4678604479871698,0.14845945107088357,0.18582444060477216,0.3630508584785648,0.46890406232841564,0.5760155505310673,0.7476009432233333,0.0027594586064840125,42
675,z,0.4957344102484713,0.04173803852621069,0.41412773147789705,0.46764840185993856,0.49601173996596953,0.5229857815033817,0.5782156467124495,0.0008119854021381605,42
676,a,4.962152465360557,0.3296283028039611,4.366822933863169,4.7342303183847365,4.949029096225235,5.170660363384473,5.64948890805998,0.006161899219314829,10
677,v,-0.2000101065626167,0.07365860890002775,-0.3454586144041095,-0.24908023167167775,-0.19911060989129536,-0.14988508743910517,-0.057213918017848586,0.001593102513811653,10
678,t,0.6204657233336195,0.2222746130366475,0.21999549772872307,0.4571923985582328,0.6113808543375593,0.7799461895289286,1.0613181961923945,0.004248790591050748,10
679,z,0.5509789492090947,0.046807321836583975,0.4580561667519027,0.5197355908543607,0.5511490254494362,0.5825747640329474,0.6404440361089533,0.0009862877146371918,10
680,a,4.655100284687723,0.3045914481599974,4.085343977428299,4.446449185356937,4.648447239499334,4.8546506396962155,5.285133878383047,0.00577241137804046,16
681,v,-0.12709126571941656,0.07548327109252774,-0.27830990152050716,-0.17912612797937788,-0.12645479017767564,-0.07630330057872325,0.019200338626180535,0.0014441726573871205,16
682,t,0.7450036111982695,0.24428998861530438,0.28376289387278486,0.5726891157645793,0.7427006967820172,0.9159324335584134,1.21746224835948,0.004624497141377084,16
683,z,0.5340287652614674,0.046783685321961074,0.4435793717276225,0.5017640755231554,0.5337960231100451,0.5653773929107554,0.6256188510956473,0.000979540086396734,16
684,a,5.192284519888528,0.3370251092096659,4.564574181555499,4.957282030983395,5.183666652582067,5.407840761861901,5.884316144871245,0.005921667160468701,20
685,v,-0.20668887875946135,0.07117641956857933,-0.3472037952328609,-0.2538015906926722,-0.2069752054107544,-0.16011545249691583,-0.0669795087649625,0.00112476351318526,20
686,t,0.5065179972600066,0.2024540497804006,0.15888338806600352,0.3570511304712058,0.48806875702017405,0.6411191378249166,0.9408108020439726,0.003453013099398773,20
687,z,0.5582824748346135,0.047022693146052175,0.46234544397333416,0.5274303428209624,0.5596390395920514,0.5903656959675068,0.6463006423909949,0.0006815138734333066,20
688,a,5.297574535467937,0.34865432161255666,4.659697989298037,5.048534378737097,5.288274640378166,5.528168845789196,6.0028560821720856,0.00735749575247063,8
689,v,-0.10591046670077088,0.0710580033431638,-0.24637027110895993,-0.15400807320101847,-0.10550437892154883,-0.05796249667206679,0.03305085641735278,0.0016379065773881514,8
690,t,0.664686647253641,0.24474988550217008,0.2193574263430985,0.4784698872415522,0.6558412708441022,0.8391210753732141,1.1320874457354573,0.004269275707415216,8
691,z,0.5905714933721218,0.048889587487843285,0.4935562421841795,0.557131543686594,0.591475604747836,0.6244253581398579,0.6834191056059014,0.0010913997081818962,8
692,a,4.220893973235737,0.2875359043851401,3.6837399067694023,4.026892871291341,4.206588173695847,4.401129106195793,4.831348546448493,0.006133979925751129,46
693,v,-0.34020221795530564,0.08114101069965962,-0.49736805436037823,-0.3954220106120625,-0.3392478132938968,-0.28574357389654603,-0.1836433800463554,0.0018020253854431907,46
694,t,0.7125095420133268,0.18280819898821565,0.32965559667176814,0.5912354863899524,0.7256840228532684,0.8468496157252126,1.0337360699457134,0.004462421907734595,46
695,z,0.5508933593285614,0.04467948468893173,0.46445814574997407,0.5208749705991494,0.5510232707081528,0.5810640129523664,0.6374980866740524,0.0009015783857969544,46
696,a,5.113353382996475,0.2956516665826908,4.55590011106979,4.910453403363421,5.106373038342281,5.308606840998725,5.713339198080471,0.00615017159106106,14
697,v,-0.16234684363040075,0.06217018571769423,-0.28323264938889076,-0.2044013047300039,-0.1628866618019294,-0.1198703313721412,-0.0410603579657175,0.0012189059015513147,14
698,t,0.7038240880040418,0.22583539338359096,0.2656099873754386,0.5441867785796536,0.7066876248195804,0.8675588740441875,1.12837577823779,0.004506748120087372,14
699,z,0.53361292224043,0.04245616025301373,0.44951886698509697,0.5052366992161095,0.5340995780459182,0.5615667879837397,0.6158977239470015,0.0007444595015998917,14
700,a,4.893432021879804,0.38254625686902827,4.187065258961631,4.628856654215399,4.881507304740218,5.136531469478745,5.688206437971318,0.008387561786783003,17
701,v,-0.18784211926745462,0.07783659836115618,-0.34226960536253415,-0.23937844884372927,-0.18703424731884066,-0.13628536082867793,-0.03569104899770453,0.001436347409826181,17
702,t,1.0105048340960172,0.37722724403964814,0.32782658209539284,0.7309306979018154,1.0007103102709562,1.2884148015972474,1.7415405525468894,0.008908026946218183,17
703,z,0.5819668135767172,0.04816217576899205,0.4849457274967944,0.5500939167444716,0.5832273111106473,0.6141175991039464,0.674896580227807,0.0010073506511590036,17
704,a,4.928318062208589,0.3397553049830663,4.303635439544775,4.69147504504006,4.918741391268729,5.148734576951129,5.631235114722606,0.007429864411873986,26
705,v,-0.30065938407103315,0.07285013703233954,-0.44390614186094957,-0.3499053318038215,-0.3007262282246874,-0.25167093481217684,-0.1551335830323578,0.0015501728094321466,26
706,t,0.7213880309093249,0.24449131830738344,0.273071017546549,0.5460807187795708,0.7196459111268301,0.8939917653588014,1.197373050615263,0.0053439928554308135,26
707,z,0.5325005029375861,0.04723969959686198,0.4400679270986638,0.5006865293204087,0.5315064661672583,0.5644306346405854,0.6237237415788338,0.0009805226559374276,26
708,a,4.945455038343999,0.32026891976507,4.349858551143938,4.724827794249733,4.931539944665222,5.1489311892792875,5.6143018416705575,0.005242348764759371,45
709,v,-0.1814099035871823,0.0718231444799904,-0.32352337325608305,-0.22922428474121728,-0.18169772914064894,-0.13327970059493144,-0.0400292339489241,0.001405704138481918,45
710,t,0.44516305318112,0.16937001176617245,0.14855280042527533,0.31790110071157696,0.438667021011208,0.5600071825740883,0.7964021611176115,0.0032802774323064513,45
711,z,0.45149456353232836,0.047117026672696134,0.36297212746277957,0.41810412365666094,0.4505194098240838,0.48275375596100695,0.5476325231719753,0.0009651190158571181,45
712,a,5.432452527388768,0.32759974624053173,4.830363900393292,5.205406687860403,5.42296254892081,5.653505007825183,6.099479944938439,0.005564819896824475,9
713,v,-0.10712979821934786,0.06378072342448995,-0.22948896474323027,-0.15015913696552924,-0.10810096049425225,-0.06447936028798973,0.020651648052207705,0.0012147865770503932,9
714,t,0.5834309250763792,0.2356762903574025,0.179710481327208,0.4073355896502398,0.5685912001103103,0.7398542648080427,1.0761906816383147,0.004045847308423804,9
715,z,0.5284613461681934,0.04652857554993655,0.43775549979019734,0.49695373760518796,0.5280356564034959,0.5603148475278154,0.6197499559621077,0.000865763638425095,9
716,a,5.840752349604791,0.4271322271729808,5.040053047136138,5.550098357958575,5.824679512929377,6.106614805689349,6.729128176081759,0.007762069159404829,7
717,v,-0.2366365442457411,0.06887792155685635,-0.37132524604533457,-0.28363513517059824,-0.2357395278042945,-0.19014538972815603,-0.10249145563442319,0.0015372445313466547,7
718,t,0.5427859273053617,0.23827980619076505,0.1576053756350717,0.36362857332518084,0.5152792939225832,0.6931689682063391,1.0697617784534768,0.004772448507817815,7
719,z,0.45051609251422026,0.05194247210737694,0.3518240403494283,0.41492643244855687,0.4494934872006486,0.4852622169010578,0.5563028919121539,0.0013245847786100772,7
720,a,4.8250588155547005,0.3128805026133635,4.238092604419158,4.608063057995415,4.8106721839956,5.026887633007468,5.4749143023571065,0.004835075350440221,18
721,v,-0.2211211546312532,0.07327861485601496,-0.36205670578354254,-0.27173945729573723,-0.22152569644802023,-0.1707239346356408,-0.07854616456145169,0.0015101384417514642,18
722,t,0.5422485610572009,0.1953390557271558,0.181223437993068,0.40569017682199815,0.5353212549818828,0.6778120738526862,0.9290241962769912,0.00308313819292774,18
723,z,0.5394269963235527,0.04626606646936145,0.4467704566338659,0.5081948787094429,0.539689993824652,0.5708977522331498,0.6285777600753785,0.0009215785652276944,18
724,a,6.166099751146668,0.48669885915567135,5.272483883135787,5.82931044087605,6.152558595325967,6.488507698251672,7.166734237268063,0.007976250182217079,4
725,v,-0.2407273436517671,0.07771214430954433,-0.3882507732363171,-0.29446020161228686,-0.24057102577157136,-0.1872598753576472,-0.09172903452203054,0.0014346914715748723,4
726,t,0.5797023905637368,0.273104315206114,0.1617680243335632,0.37973175866986403,0.5406867034617838,0.7413159543723711,1.1985081112013232,0.00416183394358929,4
727,z,0.6171361168331665,0.055207080919266634,0.503088797626809,0.5812983680337955,0.6183440733644416,0.656576408098696,0.72187014553148,0.0010505490964554454,4
728,a,5.464309490168806,0.7260796443274484,4.244325259320278,4.955056706075522,5.39245903748592,5.893377731611507,7.118594267536503,0.014034392618175646,2
729,v,0.1374539304447756,0.13310191065443486,-0.12301758201293445,0.04681137814341921,0.13676082254263705,0.22584321874349828,0.4036237326540373,0.0025655912064037915,2
730,t,0.46276251671484353,0.23274849524156133,0.12493105419933888,0.2913291555413828,0.4250598293000418,0.5939852467948962,1.0127340207076194,0.003761953989886522,2
731,z,0.47547709916765996,0.09133634927472421,0.30651707309644727,0.40981015821263367,0.4742162429689825,0.5383748470031917,0.6542543522126859,0.0015017276919496196,2
732,a,4.466502728308132,0.5070231749144475,3.570243347755077,4.106693046147428,4.435171805452077,4.78248249841351,5.559996700994389,0.008512671011427147,18
733,v,-0.14353611833327687,0.14083357110121403,-0.4273710284594805,-0.23959817466837458,-0.14229801067051429,-0.0479639845170628,0.1273435951371379,0.002883757361594733,18
734,t,0.564106512710892,0.2834019775536892,0.15162094522528774,0.3533794029379146,0.5182137485779013,0.7240062640628168,1.2412633525241825,0.004852022208024285,18
735,z,0.5050836533875387,0.07843162313916495,0.35129094512941045,0.4514308451678982,0.5047230893740443,0.5582879287745326,0.6575082883276822,0.0014265518544742425,18
736,a,4.524336586858715,0.5229042506394608,3.5974527296724195,4.1550293850563715,4.486807458867162,4.857990142503702,5.642757342855962,0.00932109547075542,21
737,v,-0.23739786393702844,0.14669963747390152,-0.5246093342960774,-0.33814723160872107,-0.23918850339152498,-0.1375999700990133,0.05759689715823457,0.002621104032002479,21
738,t,0.5144600454091176,0.242439722251861,0.1441741517580617,0.33429105238691464,0.47951192142591353,0.6602965754104011,1.0790160043443935,0.004523672080737502,21
739,z,0.5341966148400658,0.07902461316240658,0.3803940263363337,0.4808133287890715,0.5365991272392316,0.5877705710526002,0.6875697276346615,0.001498161675878269,21
740,a,4.160829643570916,0.596278275270796,3.141683664516328,3.738830201973913,4.094576706590926,4.52246589017021,5.465657168249393,0.01012962036957556,32
741,v,-0.18951727420377376,0.19381410892842105,-0.567292404874181,-0.32418893397821325,-0.19182410430017882,-0.05941894934081271,0.20280759836876694,0.0038134469746946113,32
742,t,0.5254092624109606,0.27073481404520394,0.1413338425137356,0.3284587917733426,0.4777244943931683,0.6755289264381378,1.204249189107649,0.004841400707340605,32
743,z,0.5177958376161459,0.09303616334716899,0.3338672650454958,0.45520211506381664,0.517042750504957,0.5815587027907947,0.7010555454030569,0.0017397538657286011,32
744,a,4.606687202114718,0.438397516594226,3.818513499627608,4.305548822748543,4.571257085370115,4.88215831888039,5.52124446245952,0.008848777467718786,36
745,v,-0.3152585677392467,0.1166343726073119,-0.5455796354355884,-0.39347740396287945,-0.3165032644456913,-0.2371357257726765,-0.08172326977153643,0.002279365185648779,36
746,t,0.5392770576778616,0.2242206229163437,0.16079145386694838,0.3699602878673947,0.5247958800151313,0.6885043815482618,1.0198748056558904,0.004736537358970093,36
747,z,0.5043769593031859,0.06727344020027837,0.37155394503472333,0.45917002174431193,0.5045322498403739,0.5516320068178249,0.6322773559763211,0.0014295860384325987,36
748,a,3.7009903974748823,0.4898918680656981,2.8569207870491264,3.3566917061639234,3.667550640878826,4.00069976955338,4.77151530916516,0.008135619873134815,43
749,v,-0.1446012387290824,0.20634467240838575,-0.5598488624890066,-0.2838589373801876,-0.14249623446112075,-0.008805346354404442,0.2528186446584775,0.00309755869818316,43
750,t,0.530943310071553,0.24856631460445267,0.15561628195567434,0.3428113005705816,0.49621433118608543,0.6783916248436025,1.1159295409835546,0.0045806072448034705,43
751,z,0.5290872328871067,0.08877698548060393,0.3563127954333154,0.4665853734881587,0.529953228306747,0.590666515028685,0.7010756891838027,0.0012854438538192864,43
752,a,4.460505692944356,0.4270319540004955,3.6893934269071154,4.164199865871719,4.431519581708244,4.729965510564403,5.357907533867301,0.00687232849362347,34
753,v,-0.27866816106691583,0.12056029608990432,-0.5104116306338601,-0.36036093998890234,-0.2758881919334799,-0.19774482576299401,-0.046417562216969466,0.00243513227827002,34
754,t,0.5663477010580509,0.23321997276752435,0.1734894175980309,0.3945379468134331,0.5477833758537246,0.7182958504398376,1.0731836229524485,0.004559412569716367,34
755,z,0.5146013665182094,0.06897746195923402,0.3827356271776585,0.4661998875182415,0.5147345817513265,0.561830563529131,0.6483067819254045,0.0014698410429005147,34
756,a,3.8909501104674336,0.5556056656756142,2.9353025985989816,3.4897655886016388,3.8475240913825344,4.245974842673857,5.105174300122439,0.009862883033623997,42
757,v,0.0938341108094348,0.20199019300616414,-0.3104255584964559,-0.04151275833184953,0.09608966511140066,0.22887011989370087,0.4895158749891716,0.003486772863697068,42
758,t,0.5402657817174724,0.2741870751009757,0.14433415309271816,0.3422266706726426,0.4955956359263359,0.6836802704562774,1.2187916583136869,0.00487478200379083,42
759,z,0.4744744932484135,0.09022794417762629,0.30230450632481276,0.4114206863069414,0.47326398509639944,0.535135372165496,0.6520848792318023,0.0016287663271287276,42
760,a,4.55321095903921,0.6792784886976965,3.3846298022255397,4.068133577031184,4.492755775144712,4.981250364136861,6.070451277267958,0.013811747903330302,35
761,v,-0.4929516111588733,0.19871589028123346,-0.8865538769874106,-0.6245024689277286,-0.490552676079614,-0.35792006996527304,-0.10212080025343329,0.004185192592314651,35
762,t,0.5837091781855533,0.3041307634872768,0.1543721446039054,0.36447154649423746,0.530460236461527,0.7411850471267448,1.325876352036238,0.005619569603103008,35
763,z,0.5895600848409538,0.08398827481413988,0.4176772449968697,0.5331897811924351,0.5918401786076044,0.6489561130926271,0.7422565423302343,0.0014684237021396515,35
764,a,5.234031968948426,0.45844571743180323,4.400757828144151,4.91725999142226,5.204772484483555,5.531808448818275,6.184351920722158,0.008785799828462455,39
765,v,-0.3085049141959944,0.09765858690753984,-0.5011585037133792,-0.3753257124030962,-0.3062375036746292,-0.24210719020825744,-0.11353688870841849,0.001978322968394422,39
766,t,0.6160871965162236,0.2710945795801719,0.1762060272481954,0.4140463065928859,0.5856825425459147,0.7909222864991696,1.2056490906810162,0.005051057852404857,39
767,z,0.5278211836302762,0.06293421011345593,0.4029941437765116,0.48431645746839236,0.5290415137372811,0.5712355810277225,0.6481536460769899,0.00138792830805605,39
768,a,5.055405769359831,0.5134520483698339,4.127495480614144,4.7041898339521655,5.024074237795081,5.376854294883768,6.195106496555243,0.009045907514794251,29
769,v,-0.31677551503044493,0.1143770093124901,-0.539587862403762,-0.39481933480083636,-0.31568540445318805,-0.23845431486888768,-0.10156373657650297,0.0022373362324944403,29
770,t,0.49981556418439593,0.2310363393237603,0.1422857907496156,0.3289901635997991,0.4664455507450114,0.6350867546517949,1.0299290072216054,0.004012274500723111,29
771,z,0.5500685315671897,0.06862551548019906,0.4102669678467664,0.5044133054226503,0.550645504852608,0.5972591949917448,0.6793342904000904,0.0012289660207719054,29
772,a,5.090470817628052,0.5849630318194017,4.086536117785011,4.679233261954412,5.0580587583240355,5.4491905133976895,6.368753705796662,0.009506279569426113,47
773,v,-0.38310425734680914,0.1338673616389899,-0.6571946340655374,-0.46916878391948397,-0.37933462775965743,-0.2911567539066615,-0.1289626672722527,0.002585821940610887,47
774,t,0.5853445262353173,0.2953318363308829,0.1649296813767123,0.36554636069605756,0.5372169016344732,0.7512943777975141,1.2961055200185954,0.0056657044283828905,47
775,z,0.5426615495733637,0.07710588422178719,0.39261656867093825,0.48952234410276185,0.5436225207962884,0.5954569212831238,0.6905181726493756,0.0014475016668076422,47
776,a,4.962894602864905,0.6809161088672072,3.7890120136871204,4.477263401379918,4.908605741109399,5.360092926667793,6.487652599884113,0.014048675913080228,8
777,v,-0.4895862644184235,0.17401856030926177,-0.8367096606821152,-0.6054530475824393,-0.48398334300047613,-0.3689378266675374,-0.16355840260541998,0.003940542642946616,8
778,t,0.5527425118512632,0.27309624356019996,0.15019909121176991,0.3555841750767752,0.5079047298556986,0.7040328964657666,1.2252836493116552,0.005078662111703823,8
779,z,0.5920127747071042,0.08105855461089778,0.4260871129580107,0.5367181096211355,0.5945994172734193,0.6496536941849723,0.741038706745281,0.001666467352813655,8
780,a,4.221742203662092,0.39399614292955326,3.502740005010934,3.951064302210006,4.204561494814812,4.477103360979103,5.049335620779877,0.0074604158933226795,28
781,v,-0.5004765502495331,0.13521866764731205,-0.7725956315324367,-0.5937328112504751,-0.49598356736183774,-0.4071082012891962,-0.2397441812565393,0.0028541809841096583,28
782,t,0.47499175580648245,0.15450497435029892,0.18008870057094287,0.3621398353044426,0.4770393481274783,0.5918254959298266,0.7528187469800789,0.0028623279666563995,28
783,z,0.6422734119959251,0.057938881788215685,0.525517900930713,0.603376614100412,0.6433440170852185,0.6827860319665549,0.7509961015631234,0.0012229516848816734,28
784,a,4.6255623603698375,0.4012292572902194,3.9032255594726433,4.341026765968248,4.596903172759114,4.888289923295904,5.4604348950835675,0.006676295374561328,40
785,v,-0.2108921520018805,0.10720838827607188,-0.420672669093193,-0.2832783012209807,-0.21004791989616745,-0.13934455184910657,-0.00413091170311225,0.001844693064837712,40
786,t,0.416420835757577,0.1667952007927739,0.13373975558468082,0.29104650972387436,0.4023897035113265,0.5341583088653165,0.7551395259606457,0.0027124951749503035,40
787,z,0.5882607661410384,0.062327181152808664,0.46236235525668484,0.5460061521736804,0.5898552999940365,0.6314785564620442,0.707537547779269,0.0011488044328962273,40
788,a,5.0241377108893435,0.5748864034433916,4.018020619548346,4.6125419531446,4.981293443905581,5.406057403965173,6.220507532077172,0.01046608018901508,22
789,v,-0.26656147687751797,0.13392565530497713,-0.5280902863679043,-0.3563928498569141,-0.2678239038453843,-0.172434108281929,-0.003232297690743291,0.0027390666724568967,22
790,t,0.5674882371966853,0.28425724963959914,0.15121180411129453,0.35563771538103406,0.5237380740414084,0.7301817639726806,1.2386654913150514,0.004780946214557212,22
791,z,0.5544620064685277,0.0787892015257718,0.39757409549675565,0.4997475293173474,0.5572789137603833,0.6098617347884819,0.7011149340394046,0.0013833477753965933,22
792,a,4.553512763367664,0.6099295141066726,3.5157565822213175,4.112399605908889,4.5017333634526215,4.939511060684234,5.890749577579033,0.009986904876246998,14
793,v,-0.18837565974815,0.16896956164773314,-0.5244222957202959,-0.303219444964751,-0.19021467272262405,-0.07270241415670808,0.14685522539620322,0.002997536115906073,14
794,t,0.5310983734324705,0.25868156902723516,0.15595646130858343,0.33730800347590784,0.4867263494055049,0.678704365291157,1.1361756853534186,0.004649369894834508,14
795,z,0.5588524188715619,0.08836996974962798,0.38218563903529607,0.49981736057988824,0.5602655454537141,0.6208926019808967,0.7263130186749637,0.0014232755793613236,14
796,a,4.808065302649391,0.424890109698222,4.012272144786898,4.517127086135316,4.796626115718232,5.0860835651318785,5.6841462760041255,0.00802064680836973,27
797,v,-0.2980217404964316,0.10044769102733922,-0.49447819311666186,-0.36668289573536006,-0.29794697640086154,-0.23111735870252548,-0.10108370315429649,0.0018520638478681296,27
798,t,0.704068693337309,0.30566588221777063,0.19730073312512142,0.47523146973231034,0.6773677098222441,0.9096964141443848,1.3725835089073832,0.00615693334216739,27
799,z,0.5222022539500193,0.06265228392280658,0.39519798832853037,0.48006124041529397,0.5230027940110585,0.5657093742312117,0.6416386155819552,0.0012950878137397508,27
800,a,4.828050189668448,0.5326795940320613,3.8741411639452603,4.453547088267474,4.796108564907995,5.169315780292912,5.996519717188746,0.009042366727677999,33
801,v,-0.12379262699787788,0.13836652781377007,-0.3977833882437023,-0.21708197051983125,-0.12383756220909503,-0.029755752164947163,0.1496045952711964,0.002620018404517098,33
802,t,0.5303415028056804,0.269959570557308,0.14171591480767623,0.3337231815372859,0.4842691925092246,0.6771349829696331,1.179774495666278,0.004562392142468988,33
803,z,0.5299832728084033,0.08344826533658557,0.36206359463106735,0.4730486926307924,0.532655557936743,0.5892543606027264,0.684725180294326,0.0015621206921317924,33
804,a,4.281240421591876,0.46592873988659933,3.442567806849909,3.9539744747998684,4.243219596587214,4.579032163326889,5.3011688435066056,0.008971839851198947,41
805,v,-0.03782083738204121,0.14220506220500798,-0.3143749344756177,-0.13470270019769454,-0.038345522637034946,0.05808936694645955,0.235146487574734,0.002459531481969135,41
806,t,0.6041841358524336,0.2861615189689376,0.17075809593933464,0.38889734576838386,0.5615799715188279,0.7747355509405314,1.2646407792347922,0.005540631467159364,41
807,z,0.4725947239075589,0.07898665735732985,0.3206781723108322,0.4169959144089556,0.47156887148767457,0.5279817876916023,0.6245839213890447,0.0015470986964993972,41
808,a,4.318005178849121,0.46990065484554466,3.4822897592985385,3.9908322695909213,4.286093351277167,4.616957572348721,5.331135683317674,0.008037228080313277,46
809,v,-0.3021266359749796,0.14111137735855928,-0.5877236089187283,-0.39466134261447994,-0.3019950640651869,-0.20694857912375572,-0.02951573392511808,0.0027352825243908076,46
810,t,0.6593763668385771,0.29905235706662736,0.18426291837304756,0.43665199378728603,0.620901018360793,0.8458959939616523,1.337770713090435,0.0053763461671706885,46
811,z,0.5383291608148231,0.07371402268339687,0.3940658882412671,0.487362633460238,0.5381504386386259,0.5890739476636141,0.6787992950974905,0.0014435985514731889,46
812,a,5.139923669031154,0.44940738115452517,4.302233800076511,4.837554022261213,5.122645179632582,5.436519872513045,6.057961455553008,0.010335194407267271,37
813,v,-0.36300804184557367,0.09702159724924798,-0.552088573619868,-0.4288346483673898,-0.36166175525939315,-0.29868665285631657,-0.17320437269414746,0.001956265446923338,37
814,t,0.6733675376031569,0.2988498135109527,0.19488272615998742,0.4465685752373316,0.6419664867201285,0.8670903267320529,1.3199497126306072,0.006277957569977313,37
815,z,0.5538298103767474,0.06110513619500509,0.433576883393812,0.5124754407198007,0.5557040497345067,0.5954908700506142,0.6692124059924245,0.0011804511381414405,37
816,a,4.463563386833913,0.4914263473118989,3.603654721582575,4.123890183145385,4.429534091862784,4.7677177468670635,5.50937704032626,0.007285554557015722,44
817,v,-0.29611007777632514,0.1524257218518282,-0.6019205869968193,-0.3950850978295978,-0.2941632996048784,-0.19335339220755238,-0.0006588126358622048,0.0027324002321913476,44
818,t,0.4785326631096074,0.20873389461841121,0.1357505788590923,0.31879556088923805,0.4577332344779542,0.6188011869421122,0.9250040039911505,0.003789768878416038,44
819,z,0.5909331974079632,0.07750152832910297,0.4295670453185576,0.5401580333056819,0.5930209495012736,0.6447600254917061,0.7339688597243852,0.0013901088989443536,44
820,a,4.604474329014965,0.4060260030633203,3.865577836745893,4.321667274825904,4.5802305501690626,4.876112963291997,5.450361009862322,0.0067640436130498496,26
821,v,-0.1444456460248981,0.10879511811958405,-0.36437185124057003,-0.21646228366735898,-0.14345643659677604,-0.07038587840158517,0.06623482831861702,0.002252291673817288,26
822,t,0.4783401868733186,0.19581252223248224,0.14867015852390664,0.33077078652805314,0.4638630702833801,0.609725999207768,0.8870567402432858,0.003546081172312978,26
823,z,0.459750706322018,0.06673307612008027,0.332866017716723,0.4141297851215754,0.45886239298527154,0.5043487558260271,0.5973545562602407,0.001410721514855421,26
824,a,4.077341715409156,0.5367178071190198,3.158952914238042,3.701114169119146,4.029777887685183,4.409414038035154,5.2632562612094524,0.008180691618799777,9
825,v,-0.11983015228853271,0.18475301887717466,-0.4815994060195692,-0.2426646532271907,-0.11996191591503377,0.008624098298010363,0.2375126683519071,0.0030212988568434998,9
826,t,0.5369968390040601,0.2703545049517355,0.14756015501945366,0.3403648372070774,0.49151808360888305,0.681090920751249,1.176426071446924,0.004713404812173118,9
827,z,0.51592518164536,0.0901092675197869,0.33711232755599535,0.4544528372860879,0.5166122019706356,0.5775992946122143,0.6938672953991906,0.0016820431850247154,9
828,a,5.918346181215215,0.5933814517114926,4.869929825204809,5.500510430495909,5.8638996396529155,6.293470336635078,7.217054682105263,0.008994560127051557,15
829,v,-0.11046451806524923,0.09814179667316517,-0.30625752827916236,-0.17650256960962274,-0.1100614007639591,-0.0437531037431208,0.07829145718733932,0.0016276785531095937,15
830,t,0.49827718579441516,0.24601755570073347,0.13143954694995683,0.3190855943737184,0.4580109515575554,0.6325403709840456,1.0872138132355336,0.004521154177233358,15
831,z,0.5409444070783016,0.07609752765895872,0.3851786040183836,0.4893180832909245,0.5439623394766471,0.5947132621338055,0.6851854850880711,0.0012255880105665562,15
832,a,4.484259002039187,0.6065122486151048,3.442559360262478,4.047851650735159,4.434350331482716,4.852686718192638,5.828440373001797,0.009738249208099296,16
833,v,-0.24227539460297828,0.17114658013169018,-0.5895047101854212,-0.35389479169421156,-0.24050012275793597,-0.12695928327819683,0.08010105761853281,0.003254825868520702,16
834,t,0.49933481150410586,0.24764700954307992,0.1341180387955238,0.3163285915899886,0.4570555894033157,0.6467865916083213,1.0823946061288705,0.004597818371646823,16
835,z,0.5505445423586787,0.08831199481691276,0.37417816023039696,0.49006706069260675,0.5539326339993301,0.6116729131757039,0.7147512501972,0.001713562672509048,16
836,a,4.478418981027321,0.49714348640889244,3.596986379212879,4.128741273884808,4.446490223487389,4.803547184850055,5.531413933204263,0.008225859578613753,23
837,v,-0.10958411253915988,0.1421465288635752,-0.38678460031931383,-0.20406459081622924,-0.11090601522674443,-0.015444022037140737,0.1727354197981475,0.0024816765866270546,23
838,t,0.49005089511029837,0.23810909953403844,0.1414575892124542,0.3121236033072363,0.453260660548485,0.6280317453641985,1.067202654084556,0.004392417702922762,23
839,z,0.5430432503744064,0.0814300455660055,0.3871088045586066,0.48484838085728443,0.5441230279223117,0.6018951693449379,0.6968274729674556,0.0013663247208479173,23
840,a,5.112893457111692,0.6557048439188948,3.99284653545459,4.635611771768687,5.060692813261035,5.52206419205155,6.543270274652585,0.010523075194367498,25
841,v,-0.35790881217829695,0.14728690627735047,-0.6511381187385596,-0.4550049530608383,-0.35626751566394166,-0.2593753997873791,-0.0678167902740342,0.002734580252470607,25
842,t,0.48138330751897285,0.23616335259559507,0.1317675820709917,0.3090756127815902,0.44429263541343617,0.6161543969314172,1.029814649072764,0.004287534122370815,25
843,z,0.5561768833553141,0.08263280160093896,0.3922623022564357,0.499688719498513,0.5572611940263613,0.6153137135521266,0.7132801863668635,0.0014407307465075076,25
844,a,4.307317336112539,0.6742386878163099,3.1754194292121745,3.839902032986975,4.231626258380707,4.7004256016531,5.819333050312165,0.010193311965563633,6
845,v,0.243661093638821,0.20559540201919468,-0.15839623919651113,0.1069978173064916,0.24388176481742113,0.3787210885758332,0.6472856083552442,0.0033202785068198,6
846,t,0.47499952178332744,0.23519022576154974,0.12984689315493644,0.30007568709030624,0.43897848336409717,0.6134472867616658,1.0219926149212486,0.003549557208390828,6
847,z,0.4839420377928961,0.09585536344852559,0.2978260792292339,0.4176342102347702,0.48417231043556813,0.5493134932305103,0.6708314589889073,0.0014398023017362191,6
848,a,4.971946537762854,0.5061628053309482,4.067597835225461,4.618934079604622,4.9393447117608344,5.297950575727282,6.050834495019698,0.008669901360398833,45
849,v,-0.3086862226488341,0.11792936403303682,-0.5404143563386195,-0.38916845041079595,-0.30787642658231973,-0.22903405534267618,-0.07888841172559902,0.0024310299747857,45
850,t,0.5780042002074504,0.2730906017022124,0.16087019320117857,0.37442950905290506,0.5386349608188151,0.7440544363651871,1.2090692767482059,0.00483837223526947,45
851,z,0.5214997043978217,0.0738128434377557,0.37515237537967516,0.47140958142595557,0.5195278050417251,0.5729267257741696,0.6668023964851666,0.001386024362390194,45
852,a,4.220730317500314,0.6676843824032934,3.0765564011371334,3.746742286304827,4.162389681561342,4.62498629474912,5.690621423169137,0.011163070368216899,17
853,v,-0.25246607596891985,0.21207715554997184,-0.6709936588802202,-0.39415170638247166,-0.25475314982112907,-0.1095754312848416,0.16747933661703418,0.004039604082404211,17
854,t,0.4730939195179002,0.2316515150076193,0.13417697478568846,0.30463750541246515,0.4354706326268313,0.6049283384154804,1.0142211774863716,0.0036580286972325965,17
855,z,0.5321719251801117,0.09668734811168708,0.3384707386192562,0.466835805350925,0.5337630410698451,0.599343078927676,0.7173692458658995,0.0018396955868485703,17
856,a,4.686467460093563,0.8194120086159329,3.3812137487910467,4.079551737823647,4.594558791421564,5.1862954177029525,6.545479539128112,0.013779962683146957,7
857,v,-0.43760106195149034,0.2207176343391899,-0.8774726193341831,-0.5854252913271027,-0.4379920739148673,-0.28443180489188213,-0.01254597111883149,0.0039081030007142616,7
858,t,0.47993252148820964,0.25255750889965894,0.12434847703860505,0.29512324285455355,0.4335495718911815,0.6195865136991313,1.0999287703908738,0.004511039781716572,7
859,z,0.5494821408555297,0.09540901532142272,0.3599108367154419,0.4860428460311776,0.5515612173495725,0.616650922722055,0.7261157052866214,0.0016133382063781027,7
860,a,4.6022348513354565,0.47938107167032323,3.77167427000495,4.259268404751975,4.568260054139122,4.9039391874951495,5.636603693824851,0.0075151811675302545,31
861,v,-0.04435850395447081,0.12353489934718677,-0.2838732358990048,-0.12888751110499233,-0.04227180605769973,0.04003334886016635,0.19265203531034447,0.002324785030099957,31
862,t,0.49049815632324206,0.22182493262721278,0.14018719231707014,0.3205349922383209,0.4628091627981612,0.6304277533461403,0.9781550069474987,0.0038409112935753552,31
863,z,0.41947359849837623,0.0726233328567987,0.2857426679075997,0.368357182583658,0.4169598943772647,0.46748128659044813,0.5669891398079234,0.0015368952916560586,31
864,a,4.508501150081251,0.5636436667846328,3.557680666813961,4.124024387654294,4.446384352081837,4.859360198827676,5.752655254660851,0.010098238620581854,30
865,v,-0.2562980978448229,0.1582735008476072,-0.5682497178813665,-0.35875091669045933,-0.25627289386870733,-0.1518507634748063,0.06079357471934177,0.0030861391311630304,30
866,t,0.49169791913452815,0.23572850823244085,0.14421672363395674,0.31364618612747597,0.45865194037916523,0.6309704836133275,1.0402768840576433,0.0038694431823369526,30
867,z,0.5417678829397587,0.08389249483866716,0.3712443327809991,0.4875612682110361,0.541916847315914,0.6005756605696518,0.7029416288464366,0.001495677702460663,30
868,a,4.442361780697842,0.5016481547744303,3.5725540537513383,4.077690098398501,4.406463738741746,4.7731590259594805,5.532248866789216,0.008327581339881159,12
869,v,0.051059819009264595,0.1417832689384194,-0.23365697116759077,-0.044317329787816606,0.05494093600606331,0.1496856158726192,0.3248200033769765,0.002403286620909217,12
870,t,0.5707303421060409,0.29211473384060965,0.1473525097958249,0.3580598055262192,0.5197352582614919,0.7363319595023523,1.2300990655131334,0.005155585288346495,12
871,z,0.5258086135114417,0.08052756637391704,0.36251720952313204,0.47172480483354023,0.5278870018817434,0.5808420544857763,0.6768979653144349,0.0014420918734941483,12
872,a,4.230594646508448,0.6769622415181712,3.117731111109711,3.7473394901168695,4.177073970142149,4.639423499768511,5.7276162207913295,0.011633718946447316,20
873,v,-0.26145321413013073,0.2106839030173329,-0.6789053295661069,-0.40153144101464305,-0.26119473130506066,-0.12031816896868641,0.148120722426894,0.003414360064200589,20
874,t,0.4756478103237696,0.2354793759042106,0.13144924056974158,0.3032160658709583,0.43765991258842524,0.6043301184687468,1.035309848069128,0.004231488082123825,20
875,z,0.5408138634910392,0.09573136586316379,0.34921872140940047,0.47561918935269487,0.5432284928608384,0.6083047869910089,0.7207066322668186,0.00135632269160566,20
876,a,4.278740206753903,0.7004296871028688,3.0978905925088425,3.7775775767633863,4.2174885450384165,4.704651048311419,5.788073366124065,0.010777305509996142,4
877,v,0.10875414326487169,0.21879858457727133,-0.3212350814669922,-0.040423444358040905,0.10880245059948346,0.2566728652659098,0.5467812400897213,0.0032352072917569167,4
878,t,0.43545009735657697,0.21802582621248706,0.12043949852603905,0.27624366889653007,0.3988346623067247,0.5606163413691768,0.9587629462112409,0.003959702812618335,4
879,z,0.49718162575685293,0.10185501526595615,0.3033066235066989,0.4232942808733644,0.4972229997022557,0.567830598175931,0.6958616093090375,0.0014355562619292885,4
880,a,4.818022913988823,0.6283998427322831,3.728230247150913,4.379174305401365,4.7683006245253035,5.201135791781726,6.221738788476328,0.009553216294681538,11
881,v,-0.04601439231054827,0.15121685893694448,-0.3430288092863262,-0.14920131456635433,-0.04308798946775094,0.056863793600568424,0.24809650003695727,0.0023618373059036612,11
882,t,0.4731440022366195,0.22825738074598495,0.13044025288427039,0.3059716365534956,0.439464227289334,0.6073398413437496,1.0020849084009804,0.0042432167845446395,11
883,z,0.5021200578663286,0.09126435343043272,0.3240368465067445,0.4395417379320184,0.5041222308113885,0.5649011294557105,0.6792636416289695,0.0013200238407812758,11
884,a,4.498353805610611,0.6792233175414897,3.3762199838223292,4.025263526945783,4.424518450206487,4.891419019689451,6.022107359092914,0.011658857949294792,5
885,v,0.08531148631452588,0.19060325170713613,-0.2934296109745439,-0.03995693662666766,0.0913299806726271,0.21463892459499212,0.4433861514180777,0.0030705776766604296,5
886,t,0.4705623598968776,0.23488976563403471,0.12958343895246957,0.30122506931813786,0.43138598298244446,0.5973048815018092,1.0382459184723802,0.003935363206589592,5
887,z,0.48745113605555807,0.09587600938589587,0.30334891135042535,0.4209982548484109,0.48737987988149745,0.5504070438421838,0.6749194228330081,0.0014547592047410077,5
888,a,4.636051452519581,0.42972963393305286,3.8723611619241813,4.3302435681270754,4.612636385576188,4.911854266188892,5.539136552299636,0.007361931090878295,38
889,v,-0.15622781661914745,0.11358109996031876,-0.3727621490311661,-0.23343968731454312,-0.15725267484744276,-0.07987395793070073,0.06919524810572286,0.0021609940009774684,38
890,t,0.5544016734644487,0.24728936596320725,0.1651626433844899,0.37606333580627826,0.5227226926668151,0.7055452785160774,1.125644580087762,0.00469720177756717,38
891,z,0.5059997925202981,0.06893622946784815,0.37327233220541567,0.4595679964983706,0.504209690464926,0.5543481544595581,0.6429925464238806,0.001232845374282538,38
892,a,3.6304645068092984,0.6946258598739475,2.488690416945827,3.138849218739557,3.544619324996496,4.024822726415467,5.222489040161205,0.012535608472889901,13
893,v,0.022041285691364248,0.31254411798050924,-0.6058777712925333,-0.1863702071501673,0.020872407364901258,0.2361636892216903,0.6336707134652182,0.004618483286574111,13
894,t,0.4375054443887124,0.21609567609486147,0.12093946049040033,0.2788609415597457,0.4034550725977671,0.5537763375931994,0.9713092043068535,0.0035167233840259805,13
895,z,0.5030773367298355,0.10634931156976642,0.29872883953621804,0.42779980057345235,0.5044038034066759,0.5797858828302489,0.7054651554063586,0.0017782743729389447,13
896,a,4.846667126479629,0.6462224204884105,3.757644008310924,4.380538506288531,4.7846340461726475,5.250702368343287,6.266906308403509,0.008674886692732548,24
897,v,0.021586980502530904,0.15575102834840146,-0.2797329380473117,-0.08518071899450647,0.019966285289825914,0.12726460942337414,0.3284660583250043,0.002520615726279392,24
898,t,0.4661398585004878,0.24046510195279133,0.1252154774468175,0.292407117739663,0.42489124411139145,0.5903673736745367,1.0575574322809396,0.004491469691157932,24
899,z,0.473754431219604,0.09387077060195834,0.29292959928788953,0.4086083240714363,0.4725344824172621,0.5382065078625714,0.6566782325481594,0.0014582465746206393,24
900,a,4.447487051342391,0.5352080264201299,3.49409048716555,4.06314673639324,4.409268704098481,4.786753552113775,5.592280867251992,0.008711631795961013,19
901,v,-0.1776701824559106,0.15375076106227042,-0.4860602503729193,-0.27899301199694737,-0.17568120095424056,-0.07427247188730701,0.1220152802311929,0.0026163084786026596,19
902,t,0.5326111168642413,0.26518024660604433,0.14080158429774386,0.33784359239998785,0.4884428934118351,0.677959612351867,1.1550459051217217,0.004306379447161012,19
903,z,0.5177198117408273,0.08515349256372319,0.3517358847243173,0.45900501683960876,0.5189138951683285,0.5783777311135552,0.6797246800509408,0.001718072380043209,19
904,a,3.442688554539244,0.6388536414659329,2.4315048934444246,2.983783990017321,3.3655176129861566,3.8129461875701667,4.872084749500793,0.009699052638307995,10
905,v,-0.125378406341628,0.30252714767077094,-0.7180468448460384,-0.32983395191821024,-0.13016043573882763,0.07969674906096047,0.47398474440989746,0.0045287188493641425,10
906,t,0.4709482397148283,0.24050121204398514,0.12344304093300923,0.29268569756375246,0.4301484232879511,0.6029538940267475,1.0506804612307565,0.004452785568997956,10
907,z,0.4957296965173051,0.10335939649917046,0.2940438812363921,0.4232717955653551,0.49697966559457823,0.5694184808349023,0.7000405707933562,0.0014723209033953857,10
908,a,5.637084845890963,0.4730168920085082,4.793181115789216,5.305788845884072,5.603144212190598,5.940875464777464,6.640777261133001,0.007421975473107363,2
909,v,-0.020584639951476028,0.08333798813197382,-0.18333963833788525,-0.07631500862679669,-0.019789737698549636,0.03520013046955289,0.1438299422184256,0.0015645400780575826,2
910,t,0.6249325310195284,0.31080766446804997,0.17002169825083896,0.3994243200198379,0.5801710128124933,0.7943029323925817,1.3655076743611414,0.005146006904623217,2
911,z,0.5128822297720897,0.06389753722618148,0.38828946641772666,0.46894932833067293,0.5131258898211832,0.5575900483623433,0.6376530803107989,0.0013170414811254122,2
912,a,4.315749562418297,0.7908646865537674,2.992527289437961,3.7761706411710736,4.231394307175843,4.777046871139296,6.104115908773894,0.013036933725875527,33
913,v,-0.23550294730004093,0.24700288666226844,-0.7246326370903952,-0.4002387570071235,-0.23612263441648107,-0.07154800885748647,0.25546907273715247,0.0038605282909270145,33
914,t,0.428694977006597,0.21528845252949438,0.12162625646642078,0.26628347762295684,0.39302043632653916,0.5496202650750137,0.9329624358015354,0.003851565158014851,33
915,z,0.5098776357757506,0.10772183763644015,0.2996292377265776,0.43404964380350236,0.511211921918131,0.5845389438128787,0.7160191746174916,0.0013533685776653305,33
916,a,4.4937353273974034,0.7428604191881679,3.292902962294832,3.965863155052494,4.402254179522724,4.927747685260425,6.17732499020731,0.012209921877255763,45
917,v,-0.3425748819268627,0.2097170674364249,-0.7565021793259266,-0.4857100486523771,-0.3415497838583338,-0.19701991105299665,0.06829648274786715,0.00405272451407972,45
918,t,0.44148156186036686,0.21440799911974312,0.12150278999291153,0.28058639556923326,0.41052458099433353,0.5674885014342759,0.9229458597384015,0.003078458037292208,45
919,z,0.5130885976798698,0.09957271927118573,0.3145967942369333,0.4441745865309671,0.5131570988741038,0.5816087949457313,0.7044255437015957,0.0016890071180624415,45
920,a,5.695918718053388,0.5198712654574961,4.739582076464491,5.333519074201092,5.676297245425068,6.02820867985133,6.758248689511644,0.009253460983243344,3
921,v,-0.20417826506114153,0.09478295691533246,-0.38783957480456266,-0.26890391921928253,-0.20378305390813845,-0.1400566861995279,-0.016609715924321977,0.001824912133356568,3
922,t,0.5045842258867949,0.2445574236895397,0.14315325554562294,0.32595980176949524,0.46166429212773713,0.6486363361614805,1.0978391944429207,0.0041806398642707425,3
923,z,0.5204549930033571,0.06928166169470201,0.3833249081623702,0.473885741458918,0.5207262930248512,0.567819947473189,0.652159064368005,0.0013323208687941548,3
924,a,4.592698227235896,0.6964165086332705,3.4273359608780556,4.0917441664490815,4.5323673252536665,5.025830395499579,6.115593687705282,0.010441456537468313,20
925,v,-0.20389588068995057,0.18686646938394558,-0.5710969468506766,-0.3295249127025976,-0.20110515979295235,-0.07402037210387569,0.1632163809466609,0.0030275118984525963,20
926,t,0.4661113717878427,0.23215662497591724,0.12585912024979926,0.294107187277187,0.42853427158780716,0.5981337612228272,1.013005158043708,0.003927055898511796,20
927,z,0.5235732603548537,0.0965067572472425,0.33186488486600413,0.4568464611402906,0.5230839409295204,0.5920847472318586,0.7084821345284636,0.0016224190451699135,20
928,a,3.9551556183135426,0.8010826490529475,2.703684723440281,3.384714801299764,3.853230305829147,4.389843333833543,5.821041087099471,0.014027583397015861,17
929,v,0.1908511678891275,0.30211234988093916,-0.39995148942740966,-0.015371773762782759,0.1915982382103616,0.3950218970736932,0.7868877328203061,0.004746792617034951,17
930,t,0.41153039005300956,0.20045316349454098,0.11877641041585915,0.2580199794700253,0.37976827530636736,0.5269641005362481,0.8739956663005689,0.003542499919486821,17
931,z,0.4906463830571185,0.11429210148141176,0.2673677808150854,0.4119228437002641,0.49005700828588156,0.5717071594785951,0.7113716278667213,0.0017732518157126248,17
932,a,2.796714302376242,0.7189740365017592,1.6820223055629573,2.2742135148321667,2.6920337332012236,3.21027922051858,4.519007612401875,0.012784380370086751,28
933,v,-0.3734370284570201,0.5642264624852831,-1.4597362181302378,-0.7487292170223065,-0.38331915553854223,-0.007264091515958304,0.7680891951275575,0.008493054480135365,28
934,t,0.4457366988145818,0.22692794981284536,0.12404351234637054,0.27902140718773716,0.406000269430407,0.5739625411572084,0.992965461860188,0.003749336336227761,28
935,z,0.5139428842993142,0.11252323921801685,0.29466057906102466,0.4369329240614637,0.515337622431359,0.5922315381172922,0.7276970127314317,0.0018966381831171531,28
936,a,3.066848091701307,0.7779747068455586,1.8941815627202274,2.502239986157625,2.9430654695848,3.490425015510932,4.893629227667645,0.015217542884809776,10
937,v,0.40042595493111044,0.4851779323428353,-0.5525615274185782,0.07179573592297217,0.39545459823542584,0.7270788849964487,1.3830571991101754,0.006919759481784307,10
938,t,0.4440977020083946,0.2254951299419646,0.11974730264207456,0.28212396563311376,0.4073028794069758,0.5678898117660443,0.9936885039111942,0.004215238174839089,10
939,z,0.4852651040121923,0.11342716185083969,0.26968778344069777,0.4032999971939651,0.48483826860585105,0.5663691156375329,0.7032004473853715,0.0017601435673206642,10
940,a,3.3447240852021256,0.6616737591752462,2.2862105209115575,2.8614233398003073,3.2543994658460846,3.7472430860703128,4.863800025418167,0.012431111934710724,24
941,v,0.04163139902241051,0.3368785298486648,-0.6002159918247617,-0.1865692790200253,0.04487738344523651,0.2640819543704045,0.7088367737258301,0.005084635352831963,24
942,t,0.44639896609553714,0.22256629900064104,0.12855941828574524,0.28379755456710576,0.4102013340615844,0.5658747933817805,0.9739070125852615,0.0037535099205682335,24
943,z,0.48131106922233613,0.10956184258319593,0.2726855639497645,0.4045743912280285,0.4783553194654975,0.5575055703295297,0.6950287762731808,0.0016933563026983547,24
944,a,3.873477353523564,0.7974513679129537,2.6279455756473946,3.319044863007965,3.754975594218882,4.311772699020615,5.735598047115309,0.013505610341684123,41
945,v,-0.3036331647144706,0.29715052527118735,-0.8987067986233201,-0.5053520922285242,-0.30022994227951083,-0.09434046910618643,0.25887086268681925,0.004945885113739052,41
946,t,0.4440601059609271,0.22239177273731775,0.12207147638990291,0.2790862306948222,0.40938985574274106,0.5675401457566264,0.9838518373729711,0.0038771199456849614,41
947,z,0.5233727767311204,0.10805974412018335,0.31215157131954957,0.4496567036286478,0.5256215600774761,0.5989592895452323,0.731979122765596,0.0017811668241963824,41
948,a,4.625496493436779,0.7570570935862094,3.364398304023031,4.094385242077633,4.536288385888,5.076972152670377,6.350423263997428,0.012166287674003582,4
949,v,-0.07644523899944158,0.19641675517631338,-0.46883116622202947,-0.20926667060708803,-0.07759937868587541,0.05734170877870981,0.3072214824323166,0.0031633871790158093,4
950,t,0.43304406989877475,0.21253894850571808,0.12349062052065711,0.27585662456205196,0.3971464358908742,0.5568550304934481,0.951960241539783,0.003403249781805542,4
951,z,0.5088618509092154,0.10157094066262888,0.3119242240121893,0.4394122460168421,0.5094947027333051,0.5779782340640061,0.70136890387192,0.0013169156273254707,4
952,a,2.716827370908697,0.7448300335883555,1.6211307797806576,2.180066917143077,2.5915898046796952,3.118089547288686,4.478202331818025,0.012936631744167046,7
953,v,-0.4187693422607293,0.6098342760372598,-1.6228597145001877,-0.824180793101418,-0.41681912724577996,-0.01835713149301288,0.7844755989310239,0.010118496379023866,7
954,t,0.44584140944151346,0.22038278325708888,0.12546407166980478,0.2856671064394558,0.41423430902908753,0.567607907166197,0.9594160076431313,0.004455518667719384,7
955,z,0.5142390053214888,0.11087516312665677,0.2969437663384662,0.43750670297972094,0.5151060869340714,0.5934649024795798,0.7256212341182575,0.0015813026256225279,7
956,a,4.026317219252104,0.7183234748230193,2.8540728401220763,3.5150190891227284,3.9427794945000167,4.455412979423267,5.620978372239884,0.011899915675871108,9
957,v,0.01910245557546339,0.24955124333569884,-0.47110583970650244,-0.14653331602681374,0.022580845751884238,0.1877685124208548,0.5119465413358437,0.003909094378790308,9
958,t,0.4395977502838711,0.22257133959362388,0.11068967684421868,0.2755228055721708,0.4059512882619879,0.5663991485988076,0.9666582295740656,0.003899719465628046,9
959,z,0.479055658565885,0.1065190358771334,0.28243973312971393,0.4016116891294118,0.47474607686064074,0.5559760985843708,0.6849899049308606,0.0016702548255705355,9
960,a,4.716336510334854,0.8102572413663819,3.403453023612906,4.138148496706663,4.626443498667117,5.2043684410597075,6.5503266379123515,0.014564155721691206,37
961,v,-0.18883855768005106,0.20748028655243503,-0.5912904285188358,-0.32932909508606434,-0.1858756253174018,-0.04847586605728327,0.21321593946202744,0.003138467373207511,37
962,t,0.4260778511416443,0.2153219187140364,0.1124918559268702,0.2684812376201363,0.38801787784143305,0.5489741703422751,0.9251643620826621,0.004145218740022258,37
963,z,0.516665874845491,0.1079560471993511,0.3096160568997673,0.4396330802905574,0.5184587103105213,0.5929927716752432,0.7238297916134634,0.0015343067249299733,37
964,a,5.279111148575689,0.6969873814231387,4.0711419058582194,4.774854928142657,5.230505186675123,5.712306863342332,6.799523680883624,0.010877339734936048,6
965,v,-0.19729312994050718,0.14416537779618915,-0.47983995387991013,-0.2958032773166971,-0.19658615184906014,-0.09896021105677594,0.08658208253916688,0.0025345969339695567,6
966,t,0.44960128530772314,0.2282181225450461,0.11949023789748432,0.2840691296260552,0.41341221217044977,0.5701224081177191,1.010768725343715,0.004238509900168721,6
967,z,0.5205866840355152,0.09125662689393836,0.34301821763628976,0.45675435729048786,0.5212394060029523,0.5854990747550713,0.6964044145188827,0.0016261124055989503,6
968,a,4.378694290330199,0.7366718680496258,3.183148659672084,3.8466671219290802,4.291025551999466,4.824212220933902,6.019031004381314,0.01226421883185704,13
969,v,-0.2723603917506062,0.22083720773737384,-0.703288453964352,-0.42262907420081436,-0.27128246126791455,-0.12414837907962673,0.16079103526696903,0.003201539901538714,13
970,t,0.43524770219275555,0.21149807971333273,0.12673045621895204,0.27618534114365806,0.40043959185043565,0.5575184941381643,0.937121600563339,0.003914452969283847,13
971,z,0.4826363209644249,0.10142339558163989,0.2955857634512437,0.40937852273302755,0.48014137699227355,0.5515523773077661,0.6864057211615693,0.0015920625913520576,13
972,a,3.1518434216333366,0.7559136007882967,1.9952402957078972,2.585555816991781,3.036634032356657,3.5917203414284726,4.8905124204473935,0.010619594316479191,19
973,v,0.3534323098789894,0.47104415298356545,-0.5731000615292816,0.02669682301336926,0.3567373213979736,0.6736202027797853,1.2499959068160666,0.006909767469105826,19
974,t,0.43614931006868973,0.21582612162641804,0.11776200557226128,0.2771767222943434,0.39928879057566435,0.5569512451673673,0.9454180861336704,0.0036718840235929993,19
975,z,0.48655597134730205,0.11352337754453715,0.26902070468027217,0.40336822825572877,0.48599915321292175,0.5656956022463021,0.7094510378385079,0.0016799257857572207,19
976,a,3.638293348121524,0.7962497537841653,2.407068013705547,3.0646102203879764,3.520853576942537,4.081312080931486,5.530025623970392,0.01351927410584348,8
977,v,-0.3689532291212995,0.34473127908421486,-1.0376064669741152,-0.6027009812506003,-0.371554028496796,-0.1314620445300898,0.28896712585108864,0.006009522940246143,8
978,t,0.4506684972004251,0.2286055125584792,0.11603292028146975,0.2769096287503844,0.411285634456891,0.5849347186214198,0.977567150296916,0.004185068780487414,8
979,z,0.5263108339760196,0.10977461770356316,0.3115644979322332,0.44993403332154097,0.528951819515899,0.6037412926669794,0.7305093275045544,0.001706529269206302,8
980,a,4.37245862851708,0.6987415764268149,3.233294661217405,3.872385452670314,4.29880487443151,4.7930222817848245,5.928306962226589,0.011615925046190996,5
981,v,-0.17631507725367448,0.20852600692465806,-0.5811889635045606,-0.31625951961357185,-0.18052047205016342,-0.04031554669893772,0.23503616470849198,0.003322166874128387,5
982,t,0.457108682801839,0.23069265462294297,0.12228188506442614,0.28900380603409415,0.4139628550596655,0.5847545008501838,1.0022614231280866,0.0034692051833641268,5
983,z,0.5315540618007922,0.09807563660424554,0.3370809021035902,0.46320697819652473,0.5345732587167837,0.5983984201981692,0.7193478874767986,0.0014846048549268262,5
984,a,3.8221756904014454,0.6378437741450582,2.7680577253177843,3.3612887720502607,3.760398310178082,4.206972971454806,5.211014818740857,0.011089608946810119,16
985,v,-0.05207702425417905,0.240357916836668,-0.5296622937045736,-0.21341518777825463,-0.04884266604904941,0.11821483738294175,0.4033050073729483,0.003646433874560017,16
986,t,0.39218819541980504,0.17357737968700349,0.11627684093074368,0.26160977279392417,0.3713096380039654,0.5017316900918543,0.7793471282763968,0.003072562635974148,16
987,z,0.43859917190063813,0.09970495338381341,0.2630492834856777,0.364883911174431,0.4338557382566398,0.5059768171194626,0.6436104477011642,0.0016652245822004752,16
988,a,3.6195744547733657,0.7864136296020947,2.388133169013722,3.0492905488329267,3.5024308933283566,4.073984553792629,5.4722741514555695,0.013401766049366192,11
989,v,-0.1837035839880378,0.35342380737515106,-0.8670875128076261,-0.4202108764895842,-0.18765719127054759,0.056260361692823224,0.5139156903908957,0.005549490995153882,11
990,t,0.421943838932137,0.212599609349885,0.11230762783374655,0.27196784571705124,0.3865175516841516,0.5318731321655122,0.9349560435872903,0.003966659834922684,11
991,z,0.5052507980903356,0.11172552724332624,0.2920813720405067,0.42777731531496743,0.5057688664365366,0.5840812742247885,0.7220437577117096,0.0016786778568649873,11
992,a,2.8226391776153354,0.7444099335536165,1.70837970713895,2.2972832856859675,2.7047294856872592,3.2326857345914757,4.626237324909473,0.013001585776191971,18
993,v,-0.35530624741544986,0.553172895155175,-1.4626944323874966,-0.7305430019678976,-0.3472955524015777,0.011463403728511956,0.7200715182537909,0.00894668502801085,18
994,t,0.43937078950503594,0.219882665917887,0.1192548032101392,0.2825728083624365,0.40190338036343787,0.557507443263491,0.9652717288309028,0.003517350479439767,18
995,z,0.5103714451290666,0.11071426503398789,0.2939776218950701,0.43279320375882613,0.5084122496968929,0.588561190068698,0.7237705385659555,0.0017907944420180763,18
